5211,0.0
5212,0.0
5213,0.0
5214,0.0
5215,0.0
5216,0.0
5217,0.0
5218,0.0
5219,0.0
5220,2.0
5221,0.0
5222,0.0
5223,0.0
5224,0.0
5225,1.0
5226,0.0
5227,0.0
5228,1.0
5229,0.0
5230,0.0
5231,0.0
5232,0.0
5233,0.0
5234,0.0
5235,0.0
5236,1.0
5237,0.0
5238,0.0
5239,1.0
5240,0.0
5241,0.0
5242,0.0
5243,0.0
5244,0.0
5245,0.0
5246,0.0
5247,0.0
5248,0.0
5249,0.0
5250,0.0
5251,0.0
5252,0.0
5253,0.0
5254,0.0
5255,0.0
5256,0.0
5257,1.0
5258,0.0
5259,0.0
5260,0.0
5261,1.0
5262,0.0
5263,0.0
5264,2.0
5265,2.0
5266,0.0
5267,0.0
5268,0.0
5269,0.0
5270,0.0
5271,0.0
5272,0.0
5273,0.0
5274,0.0
5275,0.0
5276,0.0
5277,0.0
5278,0.0
5279,0.0
5280,0.0
5281,0.0
5282,1.0
5283,0.0
5284,0.0
5285,1.0
5286,0.0
5287,0.0
5288,0.0
5289,2.0
5290,2.0
5291,0.0
5292,0.0
5293,0.0
5294,0.0
5295,0.0
5296,0.0
5297,0.0
5298,0.0
5299,0.0
5300,1.0
5301,0.0
5302,0.0
5303,1.0
5304,2.0
5305,1.0
5306,0.0
5307,0.0
5308,0.0
5309,0.0
5310,1.0
5311,0.0
5312,0.0
5313,1.0
5314,1.0
5315,1.0
5316,0.0
5317,1.0
5318,0.0
5319,0.0
5320,0.0
5321,0.0
5322,2.0
5323,0.0
5324,0.0
5325,0.0
5326,0.0
5327,0.0
5328,2.0
5329,0.0
5330,1.0
5331,0.0
5332,0.0
5333,0.0
5334,0.0
5335,0.0
5336,1.0
5337,0.0
5338,0.0
5339,0.0
5340,0.0
5341,0.0
5342,0.0
5343,0.0
5344,0.0
5345,0.0
5346,0.0
5347,0.0
5348,0.0
5349,1.0
5350,0.0
5351,0.0
5352,0.0
5353,0.0
5354,0.0
5355,0.0
5356,0.0
5357,1.0
5358,0.0
5359,0.0
5360,0.0
5361,0.0
5362,0.0
5363,0.0
5364,2.0
5365,0.0
5366,0.0
5367,2.0
5368,1.0
5369,0.0
5370,0.0
5371,0.0
5372,0.0
5373,0.0
5374,0.0
5375,0.0
5376,0.0
5377,0.0
5378,0.0
5379,0.0
5380,0.0
5381,1.0
5382,0.0
5383,0.0
5384,0.0
5385,2.0
5386,0.0
5387,0.0
5388,0.0
5389,1.0
5390,0.0
5391,0.0
5392,0.0
5393,0.0
5394,0.0
5395,0.0
5396,0.0
5397,0.0
5398,1.0
5399,0.0
5400,0.0
5401,1.0
5402,0.0
5403,0.0
5404,0.0
5405,0.0
5406,0.0
5407,0.0
5408,0.0
5409,0.0
5410,1.0
5411,1.0
5412,0.0
5413,0.0
5414,1.0
5415,0.0
5416,0.0
5417,0.0
5418,0.0
5419,0.0
5420,0.0
5421,0.0
5422,0.0
5423,0.0
5424,0.0
5425,0.0
5426,0.0
5427,0.0
5428,0.0
5429,0.0
5430,1.0
5431,0.0
5432,0.0
5433,0.0
5434,0.0
5435,0.0
5436,0.0
5437,1.0
5438,0.0
5439,0.0
5440,1.0
5441,0.0
5442,0.0
5443,0.0
5444,0.0
5445,0.0
5446,0.0
5447,1.0
5448,2.0
5449,1.0
5450,0.0
5451,0.0
5452,0.0
5453,0.0
5454,0.0
5455,0.0
5456,0.0
5457,2.0
5458,1.0
5459,0.0
5460,0.0
5461,0.0
5462,0.0
5463,1.0
5464,1.0
5465,0.0
5466,0.0
5467,0.0
5468,0.0
5469,0.0
5470,0.0
5471,1.0
5472,0.0
5473,0.0
5474,1.0
5475,0.0
5476,0.0
5477,0.0
5478,0.0
5479,0.0
5480,1.0
5481,0.0
5482,0.0
5483,0.0
5484,0.0
5485,0.0
5486,0.0
5487,2.0
5488,0.0
5489,0.0
5490,0.0
5491,1.0
5492,0.0
5493,0.0
5494,0.0
5495,0.0
5496,0.0
5497,0.0
5498,0.0
5499,0.0
5500,0.0
5501,1.0
5502,0.0
5503,0.0
5504,0.0
5505,0.0
5506,0.0
5507,0.0
5508,1.0
5509,0.0
5510,1.0
5511,1.0
5512,0.0
5513,0.0
5514,0.0
5515,0.0
5516,1.0
5517,3.0
5518,0.0
5519,0.0
5520,0.0
5521,0.0
5522,0.0
5523,0.0
5524,0.0
5525,0.0
5526,1.0
5527,0.0
5528,0.0
5529,0.0
5530,1.0
5531,0.0
5532,0.0
5533,0.0
5534,0.0
5535,1.0
5536,0.0
5537,0.0
5538,0.0
5539,0.0
5540,0.0
5541,1.0
5542,0.0
5543,0.0
5544,0.0
5545,0.0
5546,0.0
5547,1.0
5548,0.0
5549,1.0
5550,0.0
5551,1.0
5552,1.0
5553,0.0
5554,1.0
5555,1.0
5556,1.0
5557,0.0
5558,0.0
5559,0.0
5560,0.0
5561,0.0
5562,0.0
5563,0.0
5564,1.0
5565,0.0
5566,0.0
5567,0.0
5568,2.0
5569,0.0
5570,0.0
5571,0.0
5572,0.0
5573,0.0
5574,0.0
5575,0.0
5576,0.0
5577,1.0
5578,0.0
5579,0.0
5580,0.0
5581,0.0
5582,0.0
5583,0.0
5584,0.0
5585,0.0
5586,1.0
5587,0.0
5588,0.0
5589,0.0
5590,1.0
5591,0.0
5592,0.0
5593,0.0
5594,0.0
5595,0.0
5596,0.0
5597,0.0
5598,0.0
5599,0.0
5600,1.0
5601,0.0
5602,0.0
5603,0.0
5604,0.0
5605,0.0
5606,0.0
5607,0.0
5608,0.0
5609,0.0
5610,0.0
5611,0.0
5612,0.0
5613,0.0
5614,0.0
5615,2.0
5616,1.0
5617,1.0
5618,0.0
5619,0.0
5620,0.0
5621,2.0
5622,0.0
5623,1.0
5624,0.0
5625,0.0
5626,0.0
5627,0.0
5628,0.0
5629,0.0
5630,0.0
5631,0.0
5632,1.0
5633,4.0
5634,0.0
5635,0.0
5636,0.0
5637,2.0
5638,0.0
5639,0.0
5640,0.0
5641,0.0
5642,0.0
5643,1.0
5644,0.0
5645,0.0
5646,0.0
5647,1.0
5648,0.0
5649,0.0
5650,1.0
5651,0.0
5652,0.0
5653,0.0
5654,0.0
5655,1.0
5656,0.0
5657,0.0
5658,0.0
5659,1.0
5660,0.0
5661,0.0
5662,0.0
5663,0.0
5664,1.0
5665,1.0
5666,0.0
5667,1.0
5668,0.0
5669,0.0
5670,0.0
5671,0.0
5672,0.0
5673,0.0
5674,0.0
5675,2.0
5676,0.0
5677,0.0
5678,0.0
5679,0.0
5680,0.0
5681,0.0
5682,0.0
5683,1.0
5684,0.0
5685,0.0
5686,0.0
5687,0.0
5688,0.0
5689,1.0
5690,0.0
5691,0.0
5692,1.0
5693,0.0
5694,1.0
5695,0.0
5696,0.0
5697,0.0
5698,2.0
5699,2.0
5700,0.0
5701,0.0
5702,0.0
5703,2.0
5704,0.0
5705,0.0
5706,0.0
5707,0.0
5708,0.0
5709,1.0
5710,0.0
5711,0.0
5712,1.0
5713,0.0
5714,0.0
5715,0.0
5716,0.0
5717,1.0
5718,1.0
5719,1.0
5720,0.0
5721,0.0
5722,0.0
5723,1.0
5724,0.0
5725,0.0
5726,0.0
5727,0.0
5728,0.0
5729,0.0
5730,0.0
5731,0.0
5732,0.0
5733,0.0
5734,1.0
5735,0.0
5736,0.0
5737,0.0
5738,0.0
5739,1.0
5740,0.0
5741,2.0
5742,0.0
