5,0.0
26,2.0
29,0.0
32,0.0
5,0.0
26,2.0
29,0.0
32,0.0
5,0.0
26,2.0
29,0.0
32,0.0
5,0.0
26,2.0
29,0.0
32,0.0
5,0.0
26,2.0
29,0.0
32,0.0
5,0.0
26,2.0
29,0.0
32,0.0
5,0.0
26,2.0
29,0.0
32,0.0
5,0.0
26,2.0
29,0.0
32,0.0
5,0.0
26,2.0
29,0.0
32,0.0
5,0.0
26,2.0
29,0.0
32,0.0
5,0.0
26,2.0
29,0.0
32,0.0
5,0.0
26,2.0
29,0.0
32,0.0
37,0.0
42,0.0
5,0.0
26,2.0
29,0.0
32,0.0
37,0.0
42,0.0
63,2.0
5,0.0
26,2.0
29,0.0
32,0.0
37,0.0
42,0.0
5,0.0
10,0.0
26,1.0
31,0.0
36,0.0
41,0.0
46,0.0
67,2.0
72,0.0
77,0.0
5,0.0
21,1.0
24,0.0
36,1.0
41,0.0
46,0.0
51,0.0
56,0.0
70,1.0
75,0.0
80,0.0
101,2.0
5,0.0
10,0.0
15,0.0
31,1.0
36,0.0
41,0.0
55,1.0
60,0.0
65,0.0
80,1.0
85,0.0
90,0.0
93,0.0
98,0.0
112,1.0
117,0.0
122,0.0
127,0.0
132,0.0
137,0.0
142,0.0
147,0.0
152,0.0
168,1.0
171,0.0
211,3.0
216,0.0
221,0.0
226,0.0
231,0.0
236,0.0
241,0.0
246,0.0
267,2.0
270,0.0
275,0.0
296,2.0
301,0.0
306,0.0
321,1.0
326,0.0
331,0.0
336,0.0
341,0.0
362,2.0
367,0.0
372,0.0
384,1.0
389,0.0
394,0.0
399,0.0
413,1.0
418,0.0
433,1.0
438,0.0
443,0.0
446,0.0
449,0.0
461,1.0
466,0.0
471,0.0
485,1.0
497,1.0
502,0.0
507,0.0
512,0.0
533,2.0
538,0.0
550,1.0
555,0.0
560,0.0
581,2.0
586,0.0
591,0.0
596,0.0
601,0.0
5,0.0
10,0.0
15,0.0
20,0.0
25,0.0
30,0.0
35,0.0
56,2.0
61,0.0
66,0.0
5,0.0
10,0.0
15,0.0
20,0.0
25,0.0
5,0.0
10,0.0
15,0.0
20,0.0
5,0.0
10,0.0
15,0.0
20,0.0
25,0.0
30,0.0
5,0.0
10,0.0
24,1.0
29,0.0
5,0.0
10,0.0
15,0.0
31,1.0
36,0.0
41,0.0
46,0.0
20,0.0
40,0.0
60,0.0
80,0.0
136,1.0
156,0.0
212,1.0
232,0.0
252,0.0
272,0.0
292,0.0
312,0.0
396,2.0
416,0.0
476,1.0
496,0.0
516,0.0
536,0.0
556,0.0
576,0.0
596,0.0
616,0.0
636,0.0
656,0.0
676,0.0
696,0.0
760,1.0
772,0.0
784,0.0
832,1.0
928,2.0
948,0.0
968,0.0
1052,2.0
1072,0.0
1092,0.0
1112,0.0
1124,0.0
1144,0.0
1192,1.0
1212,0.0
1232,0.0
1388,3.0
1400,0.0
1420,0.0
1440,0.0
1460,0.0
1480,0.0
1616,3.0
1636,0.0
1656,0.0
1676,0.0
1696,0.0
1716,0.0
1736,0.0
1756,0.0
1840,2.0
1860,0.0
1880,0.0
1900,0.0
1920,0.0
1940,0.0
1960,0.0
2016,1.0
2036,0.0
2148,2.0
2208,1.0
2228,0.0
2248,0.0
2308,1.0
2328,0.0
2348,0.0
2368,0.0
2388,0.0
2408,0.0
2428,0.0
2484,1.0
2496,0.0
2516,0.0
2536,0.0
2556,0.0
2576,0.0
2596,0.0
2616,0.0
2636,0.0
2656,0.0
2676,0.0
2696,0.0
2716,0.0
2736,0.0
2756,0.0
2816,1.0
2836,0.0
2856,0.0
2868,0.0
2888,0.0
2908,0.0
2928,0.0
2948,0.0
3004,1.0
3024,0.0
3080,1.0
3100,0.0
3160,1.0
3180,0.0
3200,0.0
3220,0.0
3240,0.0
3296,1.0
3316,0.0
3336,0.0
3392,1.0
3412,0.0
3472,1.0
3520,1.0
3540,0.0
3604,1.0
3616,0.0
3636,0.0
3656,0.0
3676,0.0
3760,2.0
3808,1.0
3828,0.0
3848,0.0
3868,0.0
3888,0.0
3908,0.0
3920,0.0
3940,0.0
3960,0.0
3980,0.0
4028,1.0
4040,0.0
4060,0.0
4080,0.0
4100,0.0
4184,2.0
4204,0.0
4224,0.0
4244,0.0
4300,1.0
4320,0.0
4380,1.0
4428,1.0
4448,0.0
4468,0.0
4576,2.0
4624,1.0
4644,0.0
4664,0.0
4684,0.0
4704,0.0
4724,0.0
4744,0.0
4764,0.0
4920,3.0
4940,0.0
4988,1.0
5008,0.0
5188,4.0
5208,0.0
5228,0.0
5364,3.0
5384,0.0
5544,3.0
5564,0.0
5584,0.0
5596,0.0
5616,0.0
5636,0.0
5656,0.0
5676,0.0
5696,0.0
5716,0.0
5736,0.0
5756,0.0
5812,1.0
5824,0.0
5844,0.0
5864,0.0
5884,0.0
5940,1.0
6004,1.0
6024,0.0
6044,0.0
6064,0.0
6084,0.0
6104,0.0
6124,0.0
6144,0.0
6164,0.0
6184,0.0
6204,0.0
6260,1.0
6280,0.0
6364,2.0
6384,0.0
6444,1.0
6464,0.0
6484,0.0
6504,0.0
6524,0.0
6580,1.0
6592,0.0
6612,0.0
6632,0.0
6680,1.0
6700,0.0
6720,0.0
6740,0.0
6760,0.0
6780,0.0
6800,0.0
6820,0.0
6840,0.0
6860,0.0
6916,1.0
6936,0.0
6956,0.0
6976,0.0
7156,4.0
7176,0.0
7196,0.0
7216,0.0
7236,0.0
7256,0.0
7312,1.0
7324,0.0
7344,0.0
7364,0.0
7420,1.0
7440,0.0
7460,0.0
7520,1.0
7540,0.0
7696,4.0
7716,0.0
7736,0.0
7756,0.0
7776,0.0
7796,0.0
7852,1.0
7864,0.0
7928,1.0
7948,0.0
7968,0.0
7988,0.0
8008,0.0
8028,0.0
8048,0.0
8068,0.0
8132,1.0
8152,0.0
8172,0.0
8192,0.0
8212,0.0
8232,0.0
8252,0.0
8272,0.0
8292,0.0
8340,1.0
8360,0.0
8380,0.0
8400,0.0
8420,0.0
8504,2.0
8524,0.0
8584,1.0
8604,0.0
8624,0.0
8708,2.0
8728,0.0
8788,1.0
8800,0.0
8820,0.0
8840,0.0
8896,1.0
8916,0.0
8936,0.0
8956,0.0
9012,1.0
9032,0.0
9092,1.0
9112,0.0
9132,0.0
9188,1.0
9208,0.0
9228,0.0
9276,1.0
9296,0.0
9352,1.0
9364,0.0
9428,1.0
9448,0.0
9468,0.0
9488,0.0
9508,0.0
9592,2.0
9612,0.0
9632,0.0
9712,2.0
9732,0.0
9752,0.0
9772,0.0
9792,0.0
9812,0.0
9832,0.0
9928,2.0
9948,0.0
9968,0.0
9988,0.0
10000,0.0
10020,0.0
10080,1.0
10100,0.0
10156,1.0
10176,0.0
10188,0.0
10200,0.0
10264,1.0
10284,0.0
10332,1.0
10352,0.0
10372,0.0
10392,0.0
10412,0.0
10476,1.0
10496,0.0
10516,0.0
10536,0.0
10556,0.0
10576,0.0
10596,0.0
10616,0.0
10636,0.0
10692,1.0
10712,0.0
10724,0.0
10744,0.0
10764,0.0
10784,0.0
10804,0.0
10824,0.0
10844,0.0
10864,0.0
10884,0.0
10904,0.0
10924,0.0
10980,1.0
11000,0.0
11020,0.0
11040,0.0
11060,0.0
11080,0.0
11100,0.0
11184,2.0
11204,0.0
11224,0.0
11284,1.0
11304,0.0
11360,1.0
11380,0.0
11400,0.0
11420,0.0
11440,0.0
11460,0.0
11524,1.0
11544,0.0
11564,0.0
11628,1.0
11640,0.0
11660,0.0
11720,1.0
11740,0.0
11760,0.0
11780,0.0
11800,0.0
11820,0.0
11884,1.0
11904,0.0
11924,0.0
11944,0.0
11964,0.0
11984,0.0
12004,0.0
12088,2.0
12152,1.0
12172,0.0
12192,0.0
12212,0.0
12232,0.0
12244,0.0
12264,0.0
12284,0.0
12304,0.0
12324,0.0
12380,1.0
12392,0.0
12412,0.0
12432,0.0
12452,0.0
12472,0.0
12492,0.0
12512,0.0
12532,0.0
12616,2.0
12636,0.0
12696,1.0
12716,0.0
12736,0.0
12892,3.0
12912,0.0
12972,1.0
12992,0.0
13012,0.0
13032,0.0
13044,0.0
13104,1.0
13124,0.0
13144,0.0
13164,0.0
13184,0.0
13204,0.0
13224,0.0
13244,0.0
13264,0.0
13284,0.0
13368,2.0
13388,0.0
13408,0.0
13428,0.0
13448,0.0
13468,0.0
13488,0.0
13508,0.0
13528,0.0
13548,0.0
13568,0.0
13680,2.0
13700,0.0
13808,2.0
13820,0.0
13840,0.0
13860,0.0
13880,0.0
13900,0.0
13920,0.0
13940,0.0
13960,0.0
13980,0.0
14000,0.0
14020,0.0
14076,1.0
14088,0.0
14108,0.0
14128,0.0
14148,0.0
14168,0.0
14224,1.0
14244,0.0
14300,1.0
14320,0.0
14380,1.0
14392,0.0
14412,0.0
14432,0.0
14488,1.0
14508,0.0
14528,0.0
14548,0.0
14568,0.0
14588,0.0
14600,0.0
14620,0.0
14640,0.0
14776,3.0
14872,2.0
14892,0.0
14952,1.0
14972,0.0
14992,0.0
15012,0.0
15024,0.0
15036,0.0
15056,0.0
15120,1.0
15140,0.0
15160,0.0
15244,2.0
15264,0.0
15320,1.0
15340,0.0
15360,0.0
15408,1.0
15428,0.0
15448,0.0
15512,1.0
15532,0.0
15616,2.0
15636,0.0
15656,0.0
15676,0.0
15696,0.0
15716,0.0
15736,0.0
15756,0.0
15776,0.0
15796,0.0
15816,0.0
15836,0.0
15848,0.0
15860,0.0
15880,0.0
15900,0.0
15920,0.0
16004,2.0
16024,0.0
16084,1.0
16104,0.0
16124,0.0
16144,0.0
16164,0.0
16184,0.0
16204,0.0
16224,0.0
16244,0.0
16264,0.0
16348,2.0
16360,0.0
16380,0.0
16400,0.0
16456,1.0
16468,0.0
16532,1.0
16552,0.0
16572,0.0
16592,0.0
16612,0.0
16632,0.0
16652,0.0
16672,0.0
16756,2.0
16804,1.0
16824,0.0
16844,0.0
16864,0.0
16884,0.0
16932,1.0
16944,0.0
16964,0.0
16984,0.0
16996,0.0
17016,0.0
17036,0.0
17056,0.0
17076,0.0
17132,1.0
17152,0.0
17212,1.0
17232,0.0
17280,1.0
17300,0.0
17408,2.0
17428,0.0
17448,0.0
17468,0.0
17488,0.0
17508,0.0
17528,0.0
17548,0.0
17568,0.0
17624,1.0
17644,0.0
17664,0.0
17684,0.0
17704,0.0
17760,1.0
17780,0.0
17800,0.0
17864,1.0
17884,0.0
17904,0.0
17924,0.0
17980,1.0
18000,0.0
18020,0.0
18040,0.0
18060,0.0
18080,0.0
18100,0.0
18120,0.0
18140,0.0
18160,0.0
18180,0.0
18200,0.0
18220,0.0
18240,0.0
18260,0.0
18344,2.0
18364,0.0
18448,2.0
18468,0.0
18488,0.0
18548,1.0
18568,0.0
18588,0.0
18644,1.0
18656,0.0
18768,2.0
18788,0.0
18896,2.0
18916,0.0
19024,2.0
19088,1.0
19108,0.0
19164,1.0
19184,0.0
19204,0.0
19224,0.0
19244,0.0
19328,2.0
19348,0.0
19408,1.0
19420,0.0
19440,0.0
19600,3.0
19612,0.0
19632,0.0
19652,0.0
19672,0.0
19692,0.0
19712,0.0
19732,0.0
19752,0.0
19772,0.0
19792,0.0
19856,1.0
19868,0.0
19888,0.0
19908,0.0
19928,0.0
20088,3.0
20108,0.0
20156,1.0
20176,0.0
20332,3.0
20380,1.0
20400,0.0
20508,2.0
20528,0.0
20684,3.0
20696,0.0
20716,0.0
20736,0.0
20756,0.0
20812,1.0
20832,0.0
20844,0.0
20864,0.0
20884,0.0
20904,0.0
20916,0.0
20928,0.0
20948,0.0
20968,0.0
20988,0.0
21008,0.0
21028,0.0
21048,0.0
21068,0.0
21132,1.0
21152,0.0
21208,1.0
21256,1.0
21276,0.0
21332,1.0
21344,0.0
21356,0.0
21376,0.0
21396,0.0
21572,4.0
21592,0.0
21700,2.0
21712,0.0
21732,0.0
21752,0.0
21848,2.0
21868,0.0
21916,1.0
21936,0.0
21956,0.0
21976,0.0
22040,1.0
22060,0.0
22124,1.0
22144,0.0
22164,0.0
22220,1.0
22240,0.0
22260,0.0
22280,0.0
22300,0.0
22312,0.0
22376,1.0
22396,0.0
22504,2.0
22524,0.0
22536,0.0
22632,2.0
22652,0.0
22672,0.0
22692,0.0
22712,0.0
22796,2.0
22816,0.0
22880,1.0
22900,0.0
22920,0.0
22940,0.0
23004,1.0
23024,0.0
23044,0.0
23128,2.0
23148,0.0
23168,0.0
23188,0.0
23208,0.0
23228,0.0
23248,0.0
23268,0.0
23288,0.0
23308,0.0
23372,1.0
23392,0.0
23412,0.0
23468,1.0
23488,0.0
23536,1.0
23556,0.0
23576,0.0
23632,1.0
23652,0.0
23700,1.0
23720,0.0
23740,0.0
23752,0.0
23764,0.0
23784,0.0
23804,0.0
23824,0.0
23844,0.0
23908,1.0
23928,0.0
23948,0.0
23968,0.0
24024,1.0
24044,0.0
24064,0.0
24124,1.0
24144,0.0
24164,0.0
24184,0.0
24196,0.0
24216,0.0
24236,0.0
24256,0.0
24276,0.0
24296,0.0
24316,0.0
24336,0.0
24356,0.0
24376,0.0
24512,3.0
24532,0.0
24552,0.0
24608,1.0
24620,0.0
24640,0.0
24660,0.0
24680,0.0
24700,0.0
24720,0.0
24740,0.0
24760,0.0
24824,1.0
24844,0.0
24864,0.0
24884,0.0
24904,0.0
24924,0.0
25008,2.0
25028,0.0
25048,0.0
25068,0.0
25088,0.0
25108,0.0
25128,0.0
25148,0.0
25168,0.0
25188,0.0
25208,0.0
25228,0.0
25248,0.0
25260,0.0
25280,0.0
25300,0.0
25384,2.0
25404,0.0
25464,1.0
25576,2.0
25624,1.0
25644,0.0
25728,2.0
25776,1.0
25796,0.0
25816,0.0
25900,2.0
25920,0.0
25940,0.0
25960,0.0
26016,1.0
26064,1.0
26084,0.0
26144,1.0
26164,0.0
26176,0.0
26196,0.0
26216,0.0
26236,0.0
26256,0.0
26312,1.0
26332,0.0
26352,0.0
26372,0.0
26392,0.0
26412,0.0
26616,5.0
26636,0.0
26656,0.0
26676,0.0
26732,1.0
26752,0.0
26772,0.0
26792,0.0
26812,0.0
26832,0.0
26888,1.0
26900,0.0
26920,0.0
26940,0.0
27004,1.0
27016,0.0
27028,0.0
27048,0.0
27068,0.0
27088,0.0
27224,3.0
27292,1.0
27312,0.0
27332,0.0
27352,0.0
27364,0.0
27412,1.0
27424,0.0
27444,0.0
27464,0.0
27484,0.0
27504,0.0
27524,0.0
27544,0.0
27564,0.0
27584,0.0
27604,0.0
27624,0.0
27644,0.0
27664,0.0
27748,2.0
27760,0.0
27780,0.0
27800,0.0
27884,2.0
27904,0.0
27924,0.0
27984,1.0
28004,0.0
28024,0.0
28044,0.0
28064,0.0
28084,0.0
28104,0.0
28188,2.0
28208,0.0
28228,0.0
28248,0.0
28268,0.0
28384,2.0
28404,0.0
28424,0.0
28444,0.0
28464,0.0
28484,0.0
28504,0.0
28524,0.0
28544,0.0
28608,1.0
28620,0.0
28640,0.0
28660,0.0
28680,0.0
28700,0.0
28756,1.0
28804,1.0
28824,0.0
28844,0.0
28864,0.0
28972,2.0
28984,0.0
29004,0.0
29016,0.0
29036,0.0
29056,0.0
29076,0.0
29132,1.0
29152,0.0
29172,0.0
29192,0.0
29212,0.0
29232,0.0
29252,0.0
29272,0.0
29328,1.0
29348,0.0
29368,0.0
29388,0.0
29500,2.0
29520,0.0
29540,0.0
29560,0.0
29580,0.0
29600,0.0
29684,2.0
29696,0.0
29716,0.0
29736,0.0
29756,0.0
29776,0.0
29832,1.0
29852,0.0
29872,0.0
29892,0.0
29912,0.0
29932,0.0
29992,1.0
30004,0.0
30024,0.0
30044,0.0
30064,0.0
30084,0.0
30104,0.0
30124,0.0
30208,2.0
30228,0.0
30248,0.0
30268,0.0
30380,2.0
30400,0.0
30456,1.0
30552,2.0
30572,0.0
30592,0.0
30612,0.0
30748,3.0
30760,0.0
30772,0.0
30792,0.0
30812,0.0
30832,0.0
30896,1.0
30916,0.0
30936,0.0
30956,0.0
31012,1.0
31104,2.0
31124,0.0
31188,1.0
31208,0.0
31228,0.0
31248,0.0
31296,1.0
31316,0.0
31336,0.0
31356,0.0
31492,3.0
31512,0.0
31532,0.0
31588,1.0
31608,0.0
31628,0.0
31648,0.0
31668,0.0
31752,2.0
31764,0.0
31784,0.0
31804,0.0
31824,0.0
31844,0.0
31900,1.0
31920,0.0
31940,0.0
31960,0.0
32044,2.0
32056,0.0
32076,0.0
32096,0.0
32116,0.0
32136,0.0
32156,0.0
32176,0.0
32196,0.0
32216,0.0
32236,0.0
32348,2.0
32368,0.0
32388,0.0
32408,0.0
32428,0.0
32484,1.0
32504,0.0
32524,0.0
32544,0.0
32600,1.0
32620,0.0
32668,1.0
32688,0.0
32708,0.0
32728,0.0
32868,3.0
32888,0.0
32908,0.0
32928,0.0
32948,0.0
33032,2.0
33052,0.0
33072,0.0
33092,0.0
33112,0.0
33132,0.0
33152,0.0
33208,1.0
33228,0.0
33312,2.0
33332,0.0
33352,0.0
33372,0.0
33392,0.0
33412,0.0
33432,0.0
33452,0.0
33516,1.0
33536,0.0
33592,1.0
33604,0.0
33668,1.0
33688,0.0
33708,0.0
33728,0.0
33792,1.0
33812,0.0
33832,0.0
33852,0.0
33872,0.0
33892,0.0
33948,1.0
34008,1.0
34072,1.0
34092,0.0
34148,1.0
34168,0.0
34188,0.0
34208,0.0
34228,0.0
34284,1.0
34304,0.0
34352,1.0
34372,0.0
34428,1.0
34448,0.0
34468,0.0
34488,0.0
34508,0.0
34528,0.0
34548,0.0
34568,0.0
34652,2.0
34672,0.0
34692,0.0
34712,0.0
34732,0.0
34752,0.0
34816,1.0
34836,0.0
34856,0.0
34924,1.0
34944,0.0
34964,0.0
35020,1.0
35032,0.0
35052,0.0
35072,0.0
35092,0.0
35112,0.0
35132,0.0
35152,0.0
35208,1.0
35228,0.0
35292,1.0
35304,0.0
35352,1.0
35372,0.0
35392,0.0
35448,1.0
35508,1.0
35528,0.0
35548,0.0
35568,0.0
35588,0.0
35608,0.0
35628,0.0
35648,0.0
35668,0.0
35688,0.0
35708,0.0
35764,1.0
35812,1.0
35832,0.0
35916,2.0
35936,0.0
35956,0.0
35976,0.0
35996,0.0
36016,0.0
36036,0.0
36056,0.0
36076,0.0
36096,0.0
36116,0.0
36136,0.0
36220,2.0
36232,0.0
36296,1.0
36308,0.0
36328,0.0
36348,0.0
36360,0.0
36380,0.0
36400,0.0
36420,0.0
36440,0.0
36460,0.0
36480,0.0
36536,1.0
36548,0.0
36568,0.0
36672,2.0
36692,0.0
36776,2.0
36796,0.0
36808,0.0
36828,0.0
36848,0.0
36932,2.0
36944,0.0
36964,0.0
37024,1.0
37044,0.0
37100,1.0
37112,0.0
37176,1.0
37196,0.0
37216,0.0
37236,0.0
37256,0.0
37276,0.0
37296,0.0
37316,0.0
37336,0.0
37392,1.0
37452,1.0
37464,0.0
37576,2.0
37596,0.0
37616,0.0
37636,0.0
37656,0.0
37676,0.0
37696,0.0
37716,0.0
37736,0.0
37756,0.0
37776,0.0
37796,0.0
37816,0.0
37836,0.0
37856,0.0
37920,1.0
37940,0.0
37960,0.0
37972,0.0
37992,0.0
38012,0.0
38032,0.0
38052,0.0
38116,1.0
38136,0.0
38156,0.0
38176,0.0
38224,1.0
38244,0.0
38400,4.0
38420,0.0
38440,0.0
38460,0.0
38516,1.0
38536,0.0
38556,0.0
38576,0.0
38596,0.0
38616,0.0
38680,1.0
38700,0.0
38720,0.0
38740,0.0
38796,1.0
38816,0.0
38836,0.0
38856,0.0
38876,0.0
38896,0.0
38952,1.0
38972,0.0
38992,0.0
39012,0.0
39068,1.0
39088,0.0
39108,0.0
39128,0.0
39148,0.0
39204,1.0
39224,0.0
39244,0.0
39264,0.0
39284,0.0
39304,0.0
39324,0.0
39344,0.0
39364,0.0
39384,0.0
39468,2.0
39488,0.0
39508,0.0
39572,1.0
39592,0.0
39612,0.0
39632,0.0
39652,0.0
39708,1.0
39768,1.0
39788,0.0
39808,0.0
39828,0.0
39876,1.0
39924,1.0
39944,0.0
39964,0.0
39984,0.0
40040,1.0
40060,0.0
40080,0.0
40100,0.0
40120,0.0
40140,0.0
40160,0.0
40180,0.0
40236,1.0
40256,0.0
40276,0.0
40332,1.0
40352,0.0
40372,0.0
40392,0.0
40412,0.0
40556,3.0
40576,0.0
40596,0.0
40708,2.0
40728,0.0
40748,0.0
40832,2.0
40852,0.0
40872,0.0
40892,0.0
40956,1.0
41004,1.0
41052,1.0
41072,0.0
41136,1.0
41204,1.0
41224,0.0
41244,0.0
41264,0.0
41284,0.0
41304,0.0
41324,0.0
41344,0.0
41364,0.0
41384,0.0
41404,0.0
41560,4.0
41580,0.0
41600,0.0
41620,0.0
41640,0.0
41660,0.0
41724,1.0
41744,0.0
41764,0.0
41784,0.0
41804,0.0
41824,0.0
41844,0.0
41864,0.0
41884,0.0
41992,2.0
42040,1.0
42060,0.0
42116,1.0
42136,0.0
42156,0.0
42176,0.0
20,0.0
40,0.0
60,0.0
80,0.0
100,0.0
120,0.0
140,0.0
160,0.0
224,1.0
236,0.0
256,0.0
320,1.0
340,0.0
396,1.0
416,0.0
480,1.0
500,0.0
512,0.0
532,0.0
628,2.0
648,0.0
712,1.0
732,0.0
752,0.0
808,1.0
872,1.0
892,0.0
912,0.0
1048,3.0
1068,0.0
1088,0.0
1108,0.0
1128,0.0
1148,0.0
1168,0.0
1188,0.0
1272,2.0
1292,0.0
1312,0.0
1332,0.0
1352,0.0
1372,0.0
1460,2.0
1480,0.0
1500,0.0
1520,0.0
1540,0.0
1624,2.0
1644,0.0
1664,0.0
1684,0.0
1704,0.0
1724,0.0
1744,0.0
1764,0.0
1784,0.0
1840,1.0
1860,0.0
1880,0.0
1900,0.0
1920,0.0
1940,0.0
2024,2.0
2044,0.0
2064,0.0
2084,0.0
2104,0.0
2124,0.0
2144,0.0
2164,0.0
2184,0.0
2204,0.0
2224,0.0
2280,1.0
2328,1.0
2392,1.0
2404,0.0
2424,0.0
2444,0.0
2464,0.0
2484,0.0
2504,0.0
2524,0.0
2544,0.0
2564,0.0
2584,0.0
2604,0.0
2624,0.0
2680,1.0
2692,0.0
2712,0.0
2732,0.0
2796,1.0
2816,0.0
2836,0.0
2856,0.0
2876,0.0
2896,0.0
2916,0.0
2936,0.0
2956,0.0
2976,0.0
2996,0.0
3056,1.0
3068,0.0
3088,0.0
3108,0.0
3192,2.0
3212,0.0
3272,1.0
