-4.964000000000000000e+03
-4.949000000000000000e+03
-5.040000000000000000e+03
-4.992000000000000000e+03
-4.934000000000000000e+03
-5.092000000000000000e+03
-4.989000000000000000e+03
-4.992000000000000000e+03
-4.979000000000000000e+03
-4.909000000000000000e+03
-4.959000000000000000e+03
-4.976000000000000000e+03
-4.931000000000000000e+03
-4.954000000000000000e+03
-5.017000000000000000e+03
-5.016000000000000000e+03
-5.069000000000000000e+03
-5.044000000000000000e+03
-5.027000000000000000e+03
-4.922000000000000000e+03
