2.230000000000000000e+03
2.500000000000000000e+03
1.714000000000000000e+03
1.885000000000000000e+03
2.817000000000000000e+03
3.165000000000000000e+03
1.632000000000000000e+03
1.578000000000000000e+03
1.179000000000000000e+03
2.317000000000000000e+03
3.024000000000000000e+03
2.708000000000000000e+03
1.714000000000000000e+03
1.706000000000000000e+03
3.277000000000000000e+03
2.168000000000000000e+03
1.638000000000000000e+03
2.334000000000000000e+03
1.743000000000000000e+03
2.393000000000000000e+03
2.196000000000000000e+03
3.489000000000000000e+03
2.478000000000000000e+03
3.467000000000000000e+03
1.669000000000000000e+03
1.827000000000000000e+03
2.098000000000000000e+03
2.421000000000000000e+03
