3.294000000000000000e+03
3.566000000000000000e+03
2.215000000000000000e+03
2.955000000000000000e+03
2.321000000000000000e+03
1.816000000000000000e+03
1.780000000000000000e+03
3.412000000000000000e+03
2.156000000000000000e+03
1.621000000000000000e+03
2.248000000000000000e+03
1.408000000000000000e+03
2.755000000000000000e+03
1.922000000000000000e+03
1.957000000000000000e+03
2.208000000000000000e+03
2.634000000000000000e+03
2.816000000000000000e+03
2.731000000000000000e+03
2.655000000000000000e+03
2.161000000000000000e+03
2.722000000000000000e+03
3.087000000000000000e+03
2.372000000000000000e+03
2.485000000000000000e+03
1.933000000000000000e+03
2.541000000000000000e+03
1.626000000000000000e+03
1.918000000000000000e+03
1.132000000000000000e+03
1.364000000000000000e+03
1.289000000000000000e+03
1.835000000000000000e+03
1.989000000000000000e+03
2.181000000000000000e+03
2.160000000000000000e+03
2.194000000000000000e+03
3.920000000000000000e+03
1.741000000000000000e+03
1.927000000000000000e+03
2.077000000000000000e+03
1.508000000000000000e+03
2.463000000000000000e+03
1.841000000000000000e+03
1.862000000000000000e+03
2.352000000000000000e+03
1.976000000000000000e+03
2.022000000000000000e+03
1.832000000000000000e+03
4.643000000000000000e+03
3.247000000000000000e+03
1.505000000000000000e+03
2.315000000000000000e+03
1.718000000000000000e+03
2.766000000000000000e+03
1.932000000000000000e+03
2.276000000000000000e+03
2.594000000000000000e+03
2.365000000000000000e+03
1.974000000000000000e+03
2.242000000000000000e+03
2.849000000000000000e+03
2.371000000000000000e+03
2.295000000000000000e+03
1.849000000000000000e+03
2.895000000000000000e+03
2.734000000000000000e+03
1.714000000000000000e+03
1.851000000000000000e+03
1.815000000000000000e+03
2.942000000000000000e+03
3.414000000000000000e+03
1.221000000000000000e+03
2.452000000000000000e+03
2.607000000000000000e+03
2.387000000000000000e+03
1.191000000000000000e+03
1.851000000000000000e+03
1.910000000000000000e+03
2.433000000000000000e+03
1.713000000000000000e+03
4.432000000000000000e+03
2.242000000000000000e+03
2.403000000000000000e+03
1.855000000000000000e+03
2.681000000000000000e+03
2.145000000000000000e+03
1.979000000000000000e+03
2.389000000000000000e+03
1.710000000000000000e+03
1.905000000000000000e+03
1.888000000000000000e+03
1.787000000000000000e+03
2.240000000000000000e+03
1.947000000000000000e+03
2.710000000000000000e+03
2.016000000000000000e+03
1.872000000000000000e+03
1.663000000000000000e+03
2.284000000000000000e+03
