2.897000000000000000e+03
2.468000000000000000e+03
1.693000000000000000e+03
2.004000000000000000e+03
1.720000000000000000e+03
3.157000000000000000e+03
2.065000000000000000e+03
2.878000000000000000e+03
1.472000000000000000e+03
2.508000000000000000e+03
1.246000000000000000e+03
1.901000000000000000e+03
3.035000000000000000e+03
1.409000000000000000e+03
1.539000000000000000e+03
3.446000000000000000e+03
1.419000000000000000e+03
2.414000000000000000e+03
2.585000000000000000e+03
3.569000000000000000e+03
2.437000000000000000e+03
2.627000000000000000e+03
1.242000000000000000e+03
2.254000000000000000e+03
1.616000000000000000e+03
1.933000000000000000e+03
2.368000000000000000e+03
1.926000000000000000e+03
2.724000000000000000e+03
2.148000000000000000e+03
2.118000000000000000e+03
1.506000000000000000e+03
1.364000000000000000e+03
2.759000000000000000e+03
2.142000000000000000e+03
2.875000000000000000e+03
2.273000000000000000e+03
2.633000000000000000e+03
1.929000000000000000e+03
1.677000000000000000e+03
1.931000000000000000e+03
2.757000000000000000e+03
2.194000000000000000e+03
2.093000000000000000e+03
2.191000000000000000e+03
2.738000000000000000e+03
1.239000000000000000e+03
2.725000000000000000e+03
1.586000000000000000e+03
2.273000000000000000e+03
2.658000000000000000e+03
1.503000000000000000e+03
2.137000000000000000e+03
1.594000000000000000e+03
2.707000000000000000e+03
2.114000000000000000e+03
1.638000000000000000e+03
2.755000000000000000e+03
1.642000000000000000e+03
1.507000000000000000e+03
2.512000000000000000e+03
2.586000000000000000e+03
1.883000000000000000e+03
2.611000000000000000e+03
1.949000000000000000e+03
2.906000000000000000e+03
1.916000000000000000e+03
1.448000000000000000e+03
2.585000000000000000e+03
2.428000000000000000e+03
2.168000000000000000e+03
1.886000000000000000e+03
2.844000000000000000e+03
1.470000000000000000e+03
1.909000000000000000e+03
1.325000000000000000e+03
1.677000000000000000e+03
1.410000000000000000e+03
1.693000000000000000e+03
1.815000000000000000e+03
2.989000000000000000e+03
2.581000000000000000e+03
1.658000000000000000e+03
1.483000000000000000e+03
2.477000000000000000e+03
2.021000000000000000e+03
1.364000000000000000e+03
2.625000000000000000e+03
1.905000000000000000e+03
2.524000000000000000e+03
1.262000000000000000e+03
2.087000000000000000e+03
1.196000000000000000e+03
3.766000000000000000e+03
1.438000000000000000e+03
2.075000000000000000e+03
2.292000000000000000e+03
1.586000000000000000e+03
1.436000000000000000e+03
2.198000000000000000e+03
