0,26.0
1,20.0
2,14.0
3,16.0
4,14.0
5,29.0
6,24.0
7,50.0
8,55.0
9,18.0
10,27.0
11,92.0
12,32.0
13,48.0
14,37.0
15,80.0
16,27.0
17,108.0
18,13.0
19,50.0
20,31.0
21,33.0
22,32.0
23,73.0
24,28.0
25,32.0
26,34.0
27,10.0
28,8.0
29,10.0
30,13.0
31,10.0
32,10.0
33,8.0
34,9.0
35,10.0
36,16.0
37,16.0
38,20.0
39,10.0
40,10.0
41,9.0
42,10.0
43,13.0
44,11.0
45,11.0
46,8.0
47,10.0
48,10.0
49,9.0
50,12.0
51,13.0
52,16.0
53,11.0
54,16.0
55,12.0
56,10.0
57,10.0
58,9.0
59,11.0
60,9.0
61,10.0
62,10.0
63,8.0
64,9.0
65,9.0
66,9.0
67,9.0
68,10.0
69,10.0
70,9.0
71,10.0
72,11.0
73,9.0
74,10.0
75,10.0
76,9.0
77,9.0
78,10.0
79,10.0
80,10.0
81,9.0
82,10.0
83,11.0
84,10.0
85,10.0
86,9.0
87,11.0
88,10.0
89,11.0
90,10.0
91,11.0
92,9.0
93,9.0
94,9.0
95,8.0
96,9.0
97,8.0
98,9.0
99,11.0
100,9.0
101,11.0
102,11.0
103,11.0
104,10.0
105,10.0
106,9.0
107,10.0
108,10.0
109,9.0
110,10.0
111,10.0
112,9.0
113,9.0
114,10.0
115,10.0
116,9.0
117,9.0
118,11.0
119,8.0
120,10.0
121,9.0
122,10.0
123,9.0
124,9.0
125,9.0
126,10.0
127,9.0
128,9.0
129,9.0
130,12.0
131,9.0
132,8.0
133,10.0
134,10.0
135,9.0
136,10.0
137,10.0
138,9.0
139,10.0
140,12.0
141,10.0
142,16.0
143,11.0
144,9.0
145,10.0
146,11.0
147,10.0
148,8.0
149,9.0
150,8.0
151,10.0
152,9.0
153,9.0
154,11.0
155,9.0
156,9.0
157,10.0
158,11.0
159,10.0
160,12.0
161,10.0
162,10.0
163,9.0
164,10.0
165,8.0
166,10.0
167,9.0
168,10.0
169,9.0
170,9.0
171,11.0
172,9.0
173,9.0
174,10.0
175,11.0
176,9.0
177,12.0
178,10.0
179,10.0
180,10.0
181,12.0
182,9.0
183,11.0
184,9.0
185,10.0
186,10.0
187,9.0
188,8.0
189,10.0
190,10.0
191,8.0
192,10.0
193,10.0
194,10.0
195,10.0
196,10.0
197,9.0
198,9.0
199,9.0
200,10.0
201,12.0
202,10.0
203,9.0
204,9.0
205,10.0
206,8.0
207,9.0
208,11.0
209,9.0
210,10.0
211,10.0
212,10.0
213,11.0
214,10.0
215,9.0
216,8.0
217,9.0
218,10.0
219,9.0
220,11.0
221,10.0
222,9.0
223,9.0
224,9.0
225,10.0
226,10.0
227,10.0
228,10.0
229,9.0
230,9.0
231,12.0
232,10.0
233,10.0
234,11.0
235,10.0
236,9.0
237,10.0
238,9.0
239,9.0
240,10.0
241,9.0
242,10.0
243,8.0
244,9.0
245,9.0
246,9.0
247,11.0
248,10.0
249,10.0
250,10.0
251,10.0
252,8.0
253,9.0
254,9.0
255,9.0
256,9.0
257,9.0
258,10.0
259,11.0
260,10.0
261,8.0
262,10.0
263,10.0
264,10.0
265,10.0
266,9.0
267,10.0
268,11.0
269,10.0
270,10.0
271,9.0
272,11.0
273,9.0
274,8.0
275,10.0
276,10.0
277,11.0
278,12.0
279,10.0
280,10.0
281,10.0
282,9.0
283,10.0
284,10.0
285,11.0
286,10.0
287,10.0
288,9.0
289,10.0
290,10.0
291,10.0
292,9.0
293,10.0
294,11.0
295,9.0
296,10.0
297,11.0
298,10.0
299,9.0
300,9.0
301,10.0
302,9.0
303,9.0
304,10.0
305,9.0
306,11.0
307,9.0
308,9.0
309,10.0
310,10.0
311,10.0
312,9.0
313,10.0
314,9.0
315,10.0
316,8.0
317,11.0
318,8.0
319,9.0
320,9.0
321,9.0
322,10.0
323,9.0
324,11.0
325,9.0
326,9.0
327,9.0
328,12.0
329,11.0
330,9.0
331,10.0
332,11.0
333,10.0
334,10.0
335,11.0
336,8.0
337,10.0
338,9.0
339,8.0
340,8.0
341,10.0
342,11.0
343,10.0
344,10.0
345,9.0
346,9.0
347,9.0
348,9.0
349,10.0
350,9.0
351,9.0
352,10.0
353,10.0
354,10.0
355,10.0
356,9.0
357,10.0
358,10.0
359,9.0
360,9.0
361,9.0
362,9.0
363,9.0
364,10.0
365,10.0
366,10.0
367,11.0
368,9.0
369,9.0
370,9.0
371,9.0
372,12.0
373,10.0
374,10.0
375,10.0
376,10.0
377,9.0
378,10.0
379,9.0
380,8.0
381,9.0
382,11.0
383,10.0
384,9.0
385,9.0
386,8.0
387,10.0
388,10.0
389,9.0
390,11.0
391,9.0
392,10.0
393,10.0
394,10.0
395,10.0
396,10.0
397,9.0
398,9.0
399,11.0
400,10.0
401,9.0
402,11.0
403,9.0
404,11.0
405,11.0
406,9.0
407,9.0
408,10.0
409,10.0
410,9.0
411,10.0
412,9.0
413,10.0
414,10.0
415,9.0
416,11.0
417,8.0
418,9.0
419,9.0
420,9.0
421,9.0
422,10.0
423,9.0
424,10.0
425,9.0
426,10.0
427,8.0
428,9.0
429,11.0
430,8.0
431,12.0
432,11.0
433,10.0
434,10.0
435,11.0
436,9.0
437,9.0
438,9.0
439,9.0
440,10.0
441,10.0
442,10.0
443,9.0
444,9.0
445,12.0
446,11.0
447,10.0
448,9.0
449,9.0
450,10.0
451,10.0
452,10.0
453,9.0
454,8.0
455,10.0
456,11.0
457,9.0
458,10.0
459,11.0
460,8.0
461,10.0
462,8.0
463,9.0
464,10.0
465,9.0
466,9.0
467,9.0
468,8.0
469,11.0
470,11.0
471,8.0
472,9.0
473,11.0
474,10.0
475,10.0
476,10.0
477,8.0
478,10.0
479,9.0
480,11.0
481,10.0
482,9.0
483,8.0
484,9.0
485,9.0
486,11.0
487,10.0
488,47.0
489,12.0
490,50.0
491,33.0
492,33.0
493,38.0
494,32.0
495,26.0
496,13.0
497,10.0
498,9.0
499,11.0
500,18.0
501,10.0
502,11.0
503,11.0
504,12.0
505,10.0
506,9.0
507,11.0
508,11.0
509,9.0
510,17.0
511,11.0
512,18.0
513,14.0
514,42.0
515,42.0
516,33.0
517,38.0
518,34.0
519,26.0
520,40.0
521,29.0
522,39.0
523,45.0
524,46.0
525,36.0
526,31.0
527,29.0
528,42.0
529,59.0
530,43.0
531,44.0
532,41.0
533,47.0
534,58.0
535,44.0
536,44.0
537,51.0
538,66.0
539,75.0
540,46.0
541,64.0
542,56.0
543,64.0
544,54.0
545,78.0
546,70.0
547,50.0
548,63.0
549,70.0
550,51.0
551,62.0
552,86.0
553,123.0
554,66.0
555,96.0
556,41.0
557,111.0
558,93.0
559,66.0
560,76.0
561,47.0
562,312.0
563,87.0
564,62.0
565,147.0
566,39.0
567,71.0
568,116.0
569,43.0
570,84.0
571,87.0
572,159.0
573,39.0
574,66.0
575,169.0
576,83.0
577,46.0
578,57.0
579,44.0
580,51.0
581,93.0
582,83.0
583,57.0
584,53.0
585,55.0
586,66.0
587,34.0
588,185.0
589,31.0
590,58.0
591,39.0
592,57.0
593,99.0
594,32.0
595,39.0
596,33.0
597,121.0
598,35.0
599,49.0
600,35.0
601,37.0
602,103.0
603,78.0
604,35.0
605,39.0
606,49.0
607,54.0
608,47.0
609,62.0
610,73.0
611,118.0
612,104.0
613,59.0
614,62.0
615,51.0
616,43.0
617,39.0
618,49.0
619,46.0
620,51.0
621,42.0
622,191.0
623,46.0
624,49.0
625,110.0
626,74.0
627,80.0
628,44.0
629,137.0
630,40.0
631,39.0
632,53.0
633,49.0
634,92.0
635,38.0
636,45.0
637,41.0
638,67.0
639,43.0
640,52.0
641,93.0
642,71.0
643,59.0
644,99.0
645,39.0
646,52.0
647,55.0
648,56.0
649,45.0
650,53.0
651,105.0
652,44.0
653,167.0
654,47.0
655,49.0
656,46.0
657,57.0
658,77.0
659,112.0
660,51.0
661,69.0
662,36.0
663,67.0
664,51.0
665,64.0
666,45.0
667,46.0
668,60.0
669,36.0
670,39.0
671,55.0
672,151.0
673,165.0
674,42.0
675,91.0
676,62.0
677,36.0
678,48.0
679,58.0
680,173.0
681,32.0
682,42.0
683,52.0
684,40.0
685,67.0
686,44.0
687,55.0
688,55.0
689,45.0
690,191.0
691,37.0
692,47.0
693,53.0
694,61.0
695,65.0
696,53.0
697,31.0
698,59.0
699,63.0
700,45.0
701,38.0
702,159.0
703,39.0
704,139.0
705,46.0
706,42.0
707,39.0
708,47.0
709,59.0
710,60.0
711,103.0
712,61.0
713,141.0
714,45.0
715,81.0
716,143.0
717,65.0
718,39.0
719,108.0
720,39.0
721,60.0
722,49.0
723,55.0
724,43.0
725,38.0
726,50.0
727,71.0
728,73.0
729,66.0
0,53.0
1,14.0
2,34.0
3,20.0
4,14.0
5,10.0
6,16.0
7,18.0
8,10.0
9,13.0
10,32.0
11,19.0
12,15.0
13,10.0
14,16.0
15,21.0
16,15.0
17,9.0
18,20.0
19,21.0
20,26.0
21,13.0
22,18.0
23,14.0
24,9.0
25,11.0
26,15.0
27,17.0
28,12.0
29,19.0
30,13.0
31,9.0
32,12.0
33,26.0
34,14.0
35,9.0
36,12.0
37,9.0
38,13.0
39,10.0
40,10.0
41,30.0
42,12.0
43,14.0
44,9.0
45,10.0
46,12.0
47,9.0
48,10.0
49,12.0
50,16.0
51,10.0
52,12.0
53,11.0
54,9.0
55,12.0
56,10.0
57,10.0
58,8.0
59,10.0
60,11.0
61,10.0
62,14.0
63,11.0
64,9.0
65,11.0
66,11.0
67,9.0
68,10.0
69,9.0
70,10.0
71,12.0
72,10.0
73,9.0
74,10.0
75,9.0
76,9.0
77,9.0
78,9.0
79,9.0
80,11.0
81,9.0
82,9.0
83,9.0
84,11.0
85,9.0
86,9.0
87,10.0
88,9.0
89,8.0
90,9.0
91,10.0
92,10.0
93,10.0
94,9.0
95,9.0
96,9.0
97,8.0
98,9.0
99,8.0
100,12.0
101,10.0
102,10.0
103,9.0
104,11.0
105,10.0
106,10.0
107,9.0
108,9.0
109,9.0
110,9.0
111,10.0
112,9.0
113,10.0
114,9.0
115,10.0
116,9.0
117,11.0
118,10.0
119,10.0
120,10.0
121,9.0
122,10.0
123,9.0
124,11.0
125,9.0
126,9.0
127,10.0
128,10.0
129,10.0
130,10.0
131,9.0
132,12.0
133,10.0
134,9.0
135,9.0
136,12.0
137,9.0
138,10.0
139,10.0
140,9.0
141,12.0
142,10.0
143,9.0
144,10.0
145,9.0
146,8.0
147,9.0
148,10.0
149,11.0
150,10.0
151,10.0
152,9.0
153,10.0
154,10.0
155,9.0
156,11.0
157,9.0
158,10.0
159,10.0
160,9.0
161,9.0
162,8.0
163,9.0
164,9.0
165,9.0
166,10.0
167,10.0
168,9.0
169,8.0
170,10.0
171,10.0
172,9.0
173,10.0
174,9.0
175,8.0
176,9.0
177,11.0
178,9.0
179,10.0
180,13.0
181,12.0
182,9.0
183,9.0
184,11.0
185,10.0
186,10.0
187,10.0
188,10.0
189,9.0
190,12.0
191,9.0
192,10.0
193,10.0
194,8.0
195,8.0
196,10.0
197,10.0
198,9.0
199,10.0
200,9.0
201,10.0
202,11.0
203,9.0
204,10.0
205,9.0
206,10.0
0,22.0
1,39.0
2,15.0
3,14.0
4,24.0
5,18.0
6,16.0
7,15.0
8,19.0
9,18.0
10,12.0
11,10.0
12,23.0
13,32.0
14,11.0
15,16.0
16,19.0
17,16.0
18,11.0
19,15.0
20,13.0
21,11.0
22,18.0
23,12.0
24,11.0
25,21.0
26,20.0
27,12.0
28,11.0
29,22.0
30,16.0
31,31.0
32,9.0
33,14.0
34,23.0
35,16.0
36,39.0
37,16.0
38,16.0
39,12.0
40,52.0
41,26.0
42,30.0
43,33.0
44,16.0
45,38.0
46,10.0
47,30.0
48,41.0
49,36.0
50,31.0
51,32.0
52,15.0
53,11.0
54,10.0
55,12.0
56,13.0
57,35.0
58,21.0
59,12.0
60,29.0
61,31.0
62,10.0
63,13.0
64,10.0
65,11.0
66,11.0
67,10.0
68,10.0
69,12.0
70,9.0
71,9.0
72,11.0
73,9.0
74,10.0
75,10.0
76,11.0
77,13.0
78,12.0
79,12.0
80,9.0
81,11.0
82,9.0
83,10.0
84,9.0
85,10.0
86,8.0
87,10.0
88,9.0
89,9.0
90,9.0
91,9.0
92,10.0
93,9.0
94,10.0
95,8.0
96,9.0
97,10.0
98,10.0
99,9.0
100,11.0
101,9.0
102,8.0
103,10.0
104,13.0
105,10.0
106,8.0
107,10.0
108,9.0
109,10.0
110,10.0
111,8.0
112,9.0
113,9.0
114,9.0
115,8.0
116,10.0
117,9.0
118,10.0
119,9.0
120,10.0
121,9.0
122,12.0
123,10.0
124,9.0
125,9.0
126,9.0
127,11.0
128,9.0
129,12.0
130,12.0
131,9.0
132,10.0
133,10.0
134,10.0
135,9.0
136,9.0
137,8.0
138,9.0
139,9.0
140,9.0
141,9.0
142,10.0
143,9.0
144,10.0
145,10.0
146,10.0
147,10.0
148,10.0
149,11.0
150,9.0
151,8.0
152,10.0
153,10.0
154,9.0
155,10.0
156,9.0
157,10.0
158,9.0
159,8.0
160,9.0
161,8.0
162,8.0
163,11.0
164,9.0
165,10.0
166,10.0
167,10.0
168,10.0
169,9.0
170,9.0
171,10.0
172,9.0
173,9.0
174,10.0
175,9.0
176,9.0
177,11.0
178,10.0
179,11.0
180,9.0
181,9.0
182,11.0
183,9.0
184,8.0
185,10.0
186,11.0
187,9.0
188,9.0
189,10.0
190,10.0
191,9.0
192,10.0
193,9.0
194,9.0
195,9.0
196,11.0
197,10.0
198,8.0
199,8.0
200,9.0
201,12.0
202,10.0
203,9.0
204,11.0
205,9.0
206,9.0
207,10.0
208,10.0
209,10.0
210,10.0
211,9.0
212,9.0
213,9.0
214,10.0
215,9.0
216,10.0
217,8.0
218,10.0
219,9.0
220,9.0
221,10.0
222,9.0
223,8.0
224,10.0
225,10.0
226,9.0
227,10.0
228,9.0
229,10.0
230,9.0
231,9.0
232,9.0
233,10.0
234,10.0
235,10.0
236,10.0
237,8.0
238,10.0
239,11.0
240,10.0
241,10.0
242,8.0
243,9.0
244,10.0
245,12.0
246,9.0
247,10.0
248,10.0
249,11.0
250,9.0
251,10.0
252,11.0
253,9.0
254,11.0
255,8.0
256,9.0
257,11.0
258,10.0
259,8.0
260,9.0
261,10.0
262,9.0
263,9.0
264,9.0
265,10.0
266,9.0
267,9.0
268,10.0
269,10.0
270,9.0
271,9.0
0,10.0
1,26.0
2,29.0
3,14.0
4,36.0
5,37.0
6,28.0
7,11.0
8,25.0
9,35.0
10,11.0
11,11.0
12,16.0
13,20.0
14,19.0
15,13.0
16,14.0
17,44.0
18,24.0
19,23.0
20,26.0
21,15.0
22,15.0
23,15.0
24,9.0
25,12.0
26,10.0
27,13.0
28,15.0
29,12.0
30,21.0
31,10.0
32,18.0
33,15.0
34,16.0
35,9.0
36,13.0
37,12.0
38,19.0
39,12.0
40,9.0
41,9.0
42,9.0
43,9.0
44,12.0
45,12.0
46,10.0
47,13.0
48,11.0
49,10.0
50,9.0
51,13.0
52,16.0
53,12.0
54,10.0
55,12.0
56,15.0
57,11.0
58,9.0
59,10.0
60,9.0
61,8.0
62,9.0
63,11.0
64,10.0
65,8.0
66,9.0
67,10.0
68,9.0
69,11.0
70,9.0
71,9.0
72,9.0
73,11.0
74,10.0
75,8.0
76,9.0
77,10.0
78,10.0
79,8.0
80,10.0
81,8.0
82,10.0
83,9.0
84,10.0
85,8.0
86,10.0
87,10.0
88,10.0
89,11.0
90,9.0
91,9.0
92,10.0
93,10.0
94,10.0
95,9.0
96,9.0
97,10.0
98,9.0
99,10.0
100,9.0
101,10.0
102,8.0
103,14.0
104,11.0
105,9.0
106,10.0
107,8.0
108,9.0
109,9.0
110,10.0
111,12.0
112,9.0
113,9.0
114,11.0
115,10.0
116,11.0
117,10.0
118,10.0
119,9.0
120,9.0
121,8.0
122,10.0
123,10.0
124,10.0
125,11.0
126,9.0
127,11.0
128,10.0
129,10.0
130,10.0
131,10.0
132,10.0
133,9.0
134,8.0
135,10.0
136,9.0
137,8.0
138,10.0
139,11.0
140,10.0
141,9.0
142,9.0
143,10.0
144,10.0
145,10.0
146,10.0
147,10.0
148,11.0
149,11.0
150,9.0
151,8.0
152,8.0
153,10.0
154,9.0
155,9.0
156,10.0
157,10.0
158,9.0
159,9.0
160,11.0
161,9.0
162,9.0
163,10.0
164,10.0
165,9.0
166,9.0
167,9.0
168,10.0
169,9.0
170,9.0
171,9.0
172,9.0
173,9.0
174,9.0
175,10.0
176,11.0
177,10.0
178,10.0
179,10.0
180,12.0
181,10.0
182,9.0
183,11.0
184,10.0
185,9.0
186,10.0
187,10.0
188,9.0
189,9.0
190,8.0
191,9.0
192,9.0
193,9.0
194,10.0
195,9.0
196,10.0
197,9.0
198,9.0
199,9.0
200,10.0
201,8.0
202,10.0
203,8.0
204,8.0
205,10.0
206,10.0
207,10.0
208,11.0
209,8.0
210,10.0
211,9.0
212,8.0
213,9.0
214,10.0
215,9.0
216,9.0
217,9.0
218,10.0
219,10.0
220,8.0
221,9.0
222,10.0
223,10.0
224,12.0
225,9.0
226,11.0
227,9.0
228,12.0
229,10.0
230,9.0
231,9.0
232,13.0
233,10.0
234,10.0
235,10.0
236,8.0
237,10.0
238,9.0
239,12.0
240,9.0
241,10.0
242,9.0
243,9.0
244,10.0
245,10.0
246,9.0
247,9.0
248,9.0
249,10.0
250,9.0
251,9.0
252,9.0
253,10.0
254,9.0
255,11.0
256,9.0
257,10.0
258,13.0
259,9.0
260,9.0
261,10.0
262,11.0
263,10.0
264,9.0
265,9.0
266,11.0
267,11.0
268,9.0
269,8.0
270,9.0
271,9.0
272,10.0
273,11.0
274,8.0
275,10.0
276,10.0
277,11.0
278,11.0
279,11.0
280,9.0
281,11.0
282,11.0
283,8.0
284,10.0
285,10.0
286,14.0
287,9.0
288,10.0
289,10.0
290,9.0
291,12.0
292,9.0
293,11.0
294,10.0
295,9.0
296,8.0
297,10.0
298,9.0
299,10.0
300,10.0
301,9.0
302,9.0
303,9.0
304,11.0
305,8.0
306,10.0
307,8.0
308,8.0
309,9.0
310,8.0
311,10.0
312,9.0
313,10.0
314,8.0
315,10.0
316,8.0
317,11.0
318,10.0
319,11.0
320,10.0
321,8.0
322,10.0
323,10.0
324,9.0
325,9.0
326,9.0
327,8.0
328,10.0
329,12.0
330,9.0
331,11.0
332,10.0
333,10.0
334,10.0
335,10.0
336,9.0
337,10.0
338,9.0
339,10.0
340,10.0
341,10.0
342,10.0
343,10.0
344,12.0
345,10.0
346,10.0
347,11.0
348,12.0
349,8.0
350,9.0
351,9.0
352,9.0
353,10.0
354,9.0
355,9.0
356,8.0
357,9.0
358,11.0
359,9.0
360,8.0
361,9.0
362,11.0
363,9.0
364,12.0
365,9.0
366,10.0
367,9.0
368,9.0
369,9.0
370,12.0
371,10.0
372,9.0
373,10.0
374,10.0
375,9.0
376,8.0
377,9.0
378,9.0
379,11.0
380,9.0
381,10.0
382,10.0
383,10.0
384,8.0
385,10.0
386,10.0
387,11.0
388,10.0
389,10.0
390,8.0
391,9.0
392,10.0
393,10.0
394,11.0
395,8.0
396,9.0
397,9.0
398,10.0
399,10.0
400,10.0
401,11.0
402,9.0
403,9.0
404,8.0
405,9.0
406,10.0
407,9.0
408,10.0
409,8.0
410,9.0
411,10.0
412,9.0
413,10.0
414,8.0
415,9.0
416,11.0
417,10.0
418,9.0
419,9.0
420,10.0
421,9.0
422,9.0
423,10.0
424,10.0
425,10.0
426,10.0
427,10.0
428,9.0
429,9.0
430,9.0
431,9.0
432,10.0
433,10.0
434,9.0
435,9.0
436,9.0
437,8.0
438,10.0
439,10.0
440,9.0
441,9.0
442,10.0
443,10.0
444,10.0
445,10.0
446,10.0
447,9.0
448,9.0
449,10.0
450,10.0
451,9.0
452,8.0
453,12.0
454,11.0
455,9.0
456,9.0
457,10.0
458,10.0
459,8.0
460,9.0
461,9.0
462,8.0
463,9.0
464,8.0
465,8.0
466,9.0
467,10.0
468,10.0
469,9.0
470,10.0
471,9.0
472,10.0
473,9.0
474,11.0
475,9.0
476,10.0
477,8.0
478,10.0
479,9.0
480,9.0
481,11.0
482,10.0
483,10.0
484,9.0
485,10.0
486,11.0
487,8.0
488,10.0
489,9.0
490,10.0
491,11.0
492,10.0
493,9.0
494,10.0
495,8.0
496,9.0
497,9.0
498,10.0
499,11.0
500,9.0
501,9.0
502,10.0
503,10.0
504,9.0
505,9.0
506,10.0
507,10.0
508,10.0
509,11.0
510,9.0
511,9.0
512,10.0
513,8.0
514,11.0
515,9.0
516,9.0
517,8.0
518,9.0
519,10.0
520,10.0
521,10.0
522,8.0
523,8.0
524,10.0
525,9.0
526,10.0
527,8.0
528,9.0
529,10.0
530,9.0
531,10.0
532,10.0
533,10.0
534,8.0
535,8.0
536,8.0
537,8.0
538,10.0
539,9.0
540,8.0
541,10.0
542,9.0
543,9.0
544,10.0
545,10.0
546,9.0
547,10.0
548,9.0
549,10.0
550,8.0
551,10.0
552,8.0
553,10.0
554,10.0
555,10.0
556,10.0
557,8.0
558,11.0
559,9.0
560,10.0
561,9.0
562,10.0
563,8.0
564,9.0
565,10.0
566,9.0
567,10.0
568,9.0
569,10.0
570,11.0
571,10.0
572,10.0
573,9.0
574,10.0
575,9.0
576,10.0
577,12.0
578,9.0
579,10.0
580,9.0
581,10.0
582,11.0
583,9.0
584,12.0
585,9.0
586,11.0
587,10.0
588,11.0
589,10.0
590,9.0
591,11.0
592,9.0
593,9.0
594,10.0
595,10.0
596,10.0
597,10.0
598,9.0
599,8.0
600,9.0
601,10.0
602,9.0
603,9.0
604,11.0
605,10.0
606,10.0
607,8.0
608,10.0
609,10.0
610,8.0
611,10.0
612,9.0
613,9.0
614,9.0
615,9.0
616,10.0
617,10.0
618,10.0
619,9.0
620,9.0
621,11.0
622,9.0
623,9.0
624,10.0
625,10.0
626,11.0
627,9.0
628,10.0
629,10.0
630,10.0
631,10.0
632,10.0
633,9.0
634,8.0
635,10.0
636,9.0
637,10.0
638,10.0
639,9.0
640,10.0
641,10.0
642,9.0
643,11.0
644,10.0
645,10.0
646,9.0
647,10.0
648,10.0
649,9.0
650,8.0
651,10.0
652,10.0
653,10.0
654,10.0
655,10.0
656,8.0
657,9.0
658,12.0
659,10.0
660,10.0
661,8.0
662,9.0
663,10.0
664,10.0
665,8.0
666,10.0
667,10.0
668,11.0
669,8.0
670,11.0
671,10.0
672,9.0
673,10.0
674,10.0
675,10.0
676,11.0
677,9.0
678,9.0
679,10.0
680,9.0
681,8.0
682,8.0
683,8.0
684,8.0
685,10.0
686,10.0
687,10.0
688,9.0
689,9.0
690,11.0
691,9.0
692,10.0
693,10.0
694,11.0
695,10.0
696,10.0
697,10.0
698,9.0
699,10.0
700,10.0
701,10.0
702,10.0
703,9.0
704,10.0
705,9.0
706,9.0
707,10.0
708,10.0
709,10.0
710,10.0
711,8.0
712,10.0
713,10.0
714,9.0
715,11.0
716,12.0
717,9.0
718,10.0
719,9.0
720,8.0
721,9.0
722,10.0
723,10.0
724,8.0
725,10.0
726,10.0
727,9.0
728,9.0
729,9.0
730,10.0
731,10.0
732,9.0
733,12.0
734,9.0
735,9.0
736,10.0
737,13.0
738,10.0
739,10.0
740,9.0
741,9.0
742,9.0
743,10.0
744,10.0
745,9.0
746,10.0
747,9.0
748,8.0
749,9.0
750,13.0
751,9.0
752,10.0
753,9.0
754,9.0
755,10.0
756,9.0
757,10.0
758,9.0
759,10.0
760,9.0
761,10.0
762,11.0
763,9.0
764,9.0
765,9.0
766,11.0
767,10.0
768,9.0
769,9.0
770,10.0
771,9.0
772,10.0
773,9.0
774,8.0
775,9.0
776,10.0
777,9.0
778,8.0
779,8.0
780,10.0
781,8.0
782,9.0
783,10.0
784,9.0
785,9.0
786,8.0
787,8.0
788,9.0
789,9.0
790,10.0
791,10.0
792,10.0
793,10.0
794,9.0
795,8.0
796,9.0
797,10.0
798,10.0
799,10.0
800,10.0
801,9.0
802,10.0
803,9.0
804,10.0
805,10.0
806,8.0
807,10.0
808,8.0
809,8.0
810,8.0
811,10.0
812,10.0
813,9.0
814,9.0
815,10.0
816,9.0
817,10.0
818,9.0
819,9.0
820,9.0
821,9.0
822,9.0
823,10.0
824,10.0
825,9.0
826,10.0
827,9.0
828,9.0
829,9.0
830,9.0
831,10.0
832,9.0
833,10.0
834,8.0
835,9.0
836,8.0
837,9.0
838,11.0
839,10.0
840,10.0
841,9.0
842,12.0
843,10.0
844,11.0
845,9.0
846,10.0
847,9.0
848,9.0
849,9.0
850,9.0
851,9.0
852,8.0
853,10.0
854,9.0
855,10.0
856,9.0
857,10.0
858,9.0
859,10.0
860,10.0
861,10.0
862,11.0
863,10.0
864,10.0
865,11.0
866,10.0
867,11.0
868,9.0
869,9.0
870,10.0
871,9.0
872,12.0
873,9.0
874,9.0
875,9.0
876,8.0
877,10.0
878,10.0
879,8.0
880,9.0
881,9.0
882,10.0
883,9.0
884,9.0
885,8.0
886,10.0
887,10.0
888,11.0
889,10.0
890,9.0
891,10.0
892,9.0
893,11.0
894,8.0
895,9.0
896,10.0
897,9.0
898,9.0
899,9.0
900,9.0
901,10.0
902,12.0
903,9.0
904,10.0
905,8.0
906,8.0
907,9.0
908,10.0
909,9.0
910,10.0
911,10.0
912,9.0
913,11.0
914,9.0
915,8.0
916,10.0
917,9.0
918,11.0
919,10.0
920,11.0
921,9.0
922,9.0
923,11.0
924,10.0
925,9.0
926,9.0
927,10.0
928,9.0
929,10.0
930,10.0
931,9.0
932,9.0
933,10.0
934,12.0
935,12.0
936,9.0
937,10.0
938,9.0
939,11.0
940,9.0
941,10.0
942,11.0
943,9.0
944,8.0
945,8.0
946,10.0
947,10.0
948,10.0
949,9.0
950,10.0
951,8.0
952,11.0
953,8.0
954,10.0
955,10.0
956,10.0
957,9.0
958,8.0
959,9.0
960,10.0
961,9.0
962,9.0
963,8.0
964,10.0
965,11.0
966,10.0
967,10.0
968,10.0
969,10.0
970,9.0
971,9.0
972,10.0
973,9.0
974,10.0
975,10.0
976,8.0
977,9.0
978,9.0
979,9.0
980,10.0
981,8.0
982,9.0
983,10.0
984,8.0
985,10.0
986,9.0
987,10.0
988,11.0
989,10.0
990,9.0
991,9.0
992,10.0
993,8.0
994,10.0
995,9.0
996,9.0
997,9.0
998,10.0
999,11.0
1000,9.0
1001,9.0
1002,10.0
1003,10.0
1004,10.0
1005,10.0
1006,8.0
1007,8.0
1008,11.0
1009,10.0
1010,10.0
1011,11.0
1012,8.0
1013,9.0
1014,9.0
1015,10.0
1016,9.0
1017,9.0
1018,10.0
1019,9.0
1020,10.0
1021,10.0
1022,8.0
1023,10.0
1024,8.0
1025,10.0
1026,9.0
1027,9.0
1028,10.0
1029,11.0
1030,9.0
1031,10.0
1032,10.0
1033,9.0
1034,11.0
1035,9.0
1036,10.0
1037,10.0
1038,14.0
1039,10.0
1040,10.0
1041,9.0
1042,10.0
1043,9.0
1044,12.0
1045,9.0
1046,9.0
1047,10.0
1048,10.0
1049,9.0
1050,9.0
1051,10.0
1052,11.0
1053,10.0
1054,10.0
1055,9.0
1056,8.0
1057,13.0
1058,9.0
1059,10.0
1060,9.0
1061,9.0
1062,11.0
1063,9.0
1064,9.0
1065,10.0
1066,8.0
1067,19.0
1068,10.0
1069,8.0
1070,10.0
1071,12.0
1072,9.0
1073,9.0
1074,8.0
1075,10.0
1076,9.0
1077,9.0
1078,8.0
1079,9.0
1080,10.0
1081,10.0
1082,10.0
1083,9.0
1084,10.0
1085,11.0
1086,9.0
1087,10.0
1088,10.0
1089,10.0
1090,9.0
1091,9.0
1092,12.0
1093,8.0
1094,9.0
1095,12.0
1096,9.0
1097,8.0
1098,9.0
1099,10.0
1100,9.0
1101,9.0
1102,11.0
1103,11.0
1104,10.0
1105,9.0
1106,10.0
1107,10.0
1108,10.0
1109,9.0
1110,10.0
1111,9.0
1112,10.0
1113,10.0
1114,10.0
1115,10.0
1116,9.0
1117,10.0
1118,9.0
1119,8.0
1120,11.0
1121,10.0
1122,10.0
1123,8.0
1124,10.0
1125,10.0
1126,8.0
1127,10.0
1128,9.0
1129,10.0
1130,10.0
1131,10.0
1132,9.0
1133,11.0
1134,10.0
1135,11.0
1136,10.0
1137,11.0
1138,9.0
1139,8.0
1140,10.0
1141,10.0
1142,10.0
1143,10.0
1144,8.0
1145,10.0
1146,10.0
1147,8.0
1148,10.0
1149,10.0
1150,12.0
1151,10.0
1152,9.0
1153,10.0
1154,8.0
1155,10.0
1156,8.0
1157,9.0
1158,10.0
1159,10.0
1160,9.0
1161,8.0
1162,9.0
1163,9.0
1164,10.0
1165,10.0
1166,9.0
1167,9.0
1168,9.0
1169,11.0
1170,8.0
1171,9.0
1172,9.0
1173,10.0
1174,10.0
1175,9.0
1176,9.0
1177,11.0
1178,8.0
1179,10.0
1180,11.0
1181,8.0
1182,9.0
1183,10.0
1184,10.0
1185,10.0
1186,10.0
1187,11.0
1188,10.0
1189,8.0
1190,8.0
1191,9.0
1192,9.0
1193,10.0
1194,10.0
1195,8.0
1196,9.0
1197,11.0
1198,8.0
1199,10.0
1200,8.0
1201,10.0
1202,10.0
1203,10.0
1204,9.0
1205,9.0
1206,8.0
1207,9.0
1208,11.0
1209,9.0
1210,10.0
1211,10.0
1212,9.0
1213,10.0
1214,9.0
1215,9.0
1216,9.0
1217,10.0
1218,9.0
1219,9.0
1220,10.0
1221,10.0
1222,10.0
1223,9.0
1224,9.0
1225,10.0
1226,10.0
1227,10.0
1228,10.0
1229,9.0
1230,9.0
1231,9.0
1232,9.0
1233,11.0
1234,9.0
1235,9.0
1236,10.0
1237,10.0
1238,10.0
1239,8.0
1240,10.0
1241,11.0
1242,10.0
1243,10.0
1244,8.0
1245,10.0
1246,9.0
1247,9.0
1248,13.0
1249,9.0
1250,10.0
1251,10.0
1252,8.0
1253,11.0
1254,9.0
1255,9.0
1256,10.0
1257,10.0
1258,9.0
1259,9.0
1260,9.0
1261,9.0
1262,10.0
1263,10.0
1264,9.0
1265,8.0
1266,10.0
1267,9.0
1268,11.0
1269,8.0
1270,9.0
1271,9.0
1272,10.0
1273,10.0
1274,10.0
1275,10.0
1276,9.0
1277,9.0
1278,8.0
1279,9.0
1280,10.0
1281,10.0
1282,9.0
1283,9.0
1284,12.0
1285,10.0
1286,11.0
1287,9.0
1288,9.0
1289,10.0
1290,10.0
1291,9.0
1292,8.0
1293,10.0
1294,9.0
1295,9.0
1296,9.0
1297,10.0
1298,9.0
1299,11.0
1300,9.0
1301,9.0
1302,12.0
1303,10.0
1304,11.0
1305,10.0
1306,9.0
1307,11.0
1308,10.0
1309,9.0
1310,8.0
1311,12.0
1312,9.0
1313,9.0
1314,8.0
1315,9.0
1316,10.0
1317,9.0
1318,12.0
1319,11.0
1320,10.0
1321,10.0
1322,9.0
1323,10.0
1324,9.0
1325,10.0
1326,10.0
1327,10.0
1328,10.0
1329,10.0
1330,10.0
1331,11.0
1332,10.0
1333,11.0
1334,9.0
1335,10.0
1336,10.0
1337,11.0
1338,9.0
1339,10.0
1340,10.0
1341,9.0
1342,9.0
1343,8.0
1344,9.0
1345,9.0
1346,10.0
1347,10.0
1348,11.0
1349,9.0
1350,10.0
1351,9.0
1352,9.0
1353,10.0
1354,10.0
1355,11.0
1356,8.0
1357,10.0
1358,10.0
1359,9.0
1360,10.0
1361,10.0
1362,10.0
1363,9.0
1364,9.0
1365,9.0
1366,9.0
1367,10.0
1368,10.0
1369,10.0
1370,8.0
1371,9.0
1372,10.0
1373,9.0
1374,9.0
1375,10.0
1376,9.0
1377,9.0
1378,10.0
1379,11.0
1380,11.0
1381,9.0
1382,9.0
1383,9.0
1384,10.0
1385,9.0
1386,9.0
1387,9.0
1388,10.0
1389,9.0
1390,9.0
1391,9.0
1392,9.0
1393,11.0
1394,10.0
1395,10.0
1396,8.0
1397,11.0
1398,9.0
1399,9.0
1400,8.0
1401,11.0
1402,8.0
1403,9.0
1404,9.0
1405,10.0
1406,9.0
1407,8.0
1408,12.0
1409,9.0
1410,10.0
1411,10.0
1412,9.0
1413,11.0
0,23.0
1,17.0
2,11.0
3,15.0
4,14.0
5,32.0
6,23.0
7,29.0
8,20.0
9,9.0
10,16.0
11,16.0
12,11.0
13,13.0
14,23.0
15,14.0
16,13.0
17,23.0
18,21.0
19,18.0
20,10.0
21,12.0
22,29.0
23,17.0
24,12.0
25,14.0
26,10.0
27,8.0
28,19.0
29,15.0
30,11.0
31,11.0
32,15.0
33,18.0
34,14.0
35,9.0
36,11.0
37,11.0
38,17.0
39,9.0
40,14.0
41,9.0
42,10.0
43,11.0
44,10.0
45,12.0
46,11.0
47,31.0
48,8.0
49,10.0
50,13.0
51,10.0
52,10.0
53,9.0
54,12.0
55,9.0
56,14.0
57,13.0
58,9.0
59,10.0
60,10.0
61,15.0
62,12.0
63,15.0
64,8.0
65,12.0
66,9.0
67,11.0
68,10.0
69,9.0
70,10.0
71,9.0
72,9.0
73,12.0
74,10.0
75,9.0
76,10.0
77,10.0
78,10.0
79,10.0
80,8.0
81,10.0
82,9.0
83,11.0
84,9.0
85,9.0
86,10.0
87,11.0
88,10.0
89,10.0
90,9.0
91,8.0
92,9.0
93,10.0
94,8.0
95,8.0
96,9.0
97,10.0
98,9.0
99,8.0
100,9.0
101,10.0
102,9.0
103,9.0
104,13.0
105,10.0
106,11.0
107,11.0
108,10.0
109,10.0
110,10.0
111,8.0
112,9.0
113,9.0
114,11.0
115,9.0
116,10.0
117,11.0
118,10.0
119,9.0
120,12.0
121,10.0
122,10.0
123,10.0
124,10.0
125,10.0
126,12.0
127,9.0
128,10.0
129,10.0
130,9.0
131,9.0
132,10.0
133,9.0
134,9.0
135,8.0
136,9.0
137,10.0
138,10.0
139,10.0
140,9.0
141,9.0
142,10.0
143,8.0
144,8.0
145,9.0
146,9.0
147,9.0
148,9.0
149,10.0
150,11.0
151,10.0
152,11.0
153,10.0
154,10.0
155,8.0
156,9.0
157,10.0
158,9.0
159,10.0
160,10.0
161,10.0
162,9.0
163,11.0
164,9.0
165,11.0
166,11.0
167,9.0
168,9.0
169,10.0
170,10.0
171,8.0
172,11.0
173,9.0
174,10.0
175,10.0
176,10.0
177,11.0
178,8.0
179,8.0
180,9.0
181,10.0
182,9.0
183,9.0
184,9.0
185,11.0
186,10.0
187,10.0
188,10.0
189,10.0
190,11.0
191,10.0
192,10.0
193,8.0
194,10.0
195,10.0
196,10.0
197,10.0
198,9.0
199,9.0
200,9.0
201,9.0
202,8.0
203,10.0
204,12.0
205,10.0
206,9.0
207,10.0
208,9.0
209,9.0
210,10.0
211,8.0
212,9.0
213,9.0
214,8.0
215,9.0
216,10.0
217,9.0
218,9.0
219,10.0
220,8.0
221,9.0
222,10.0
223,12.0
224,9.0
225,9.0
226,9.0
227,8.0
228,10.0
229,9.0
230,10.0
231,9.0
232,9.0
233,11.0
234,10.0
235,8.0
236,9.0
237,10.0
238,9.0
239,10.0
240,9.0
241,10.0
242,10.0
243,10.0
244,9.0
245,9.0
246,9.0
247,9.0
248,8.0
249,10.0
250,8.0
251,10.0
252,9.0
253,10.0
254,9.0
255,10.0
256,8.0
257,10.0
258,10.0
259,10.0
0,21.0
1,12.0
2,28.0
3,51.0
4,10.0
5,18.0
6,11.0
7,18.0
8,20.0
9,31.0
10,27.0
11,18.0
12,88.0
13,51.0
14,25.0
15,15.0
16,50.0
17,46.0
18,22.0
19,44.0
20,32.0
21,33.0
22,25.0
23,30.0
24,33.0
25,29.0
26,29.0
27,28.0
28,24.0
29,16.0
30,20.0
31,21.0
32,21.0
33,21.0
34,22.0
35,26.0
36,19.0
37,25.0
38,23.0
39,18.0
40,22.0
41,19.0
42,17.0
43,16.0
44,16.0
45,20.0
46,21.0
47,19.0
48,15.0
49,18.0
50,18.0
51,20.0
52,16.0
53,19.0
54,15.0
55,16.0
56,14.0
57,17.0
58,19.0
59,14.0
60,16.0
61,17.0
62,16.0
63,18.0
64,17.0
65,15.0
66,17.0
67,18.0
68,16.0
69,17.0
70,19.0
71,20.0
72,18.0
73,16.0
74,17.0
75,19.0
76,20.0
77,18.0
78,15.0
79,14.0
80,19.0
81,17.0
82,18.0
83,15.0
84,16.0
85,16.0
86,16.0
87,15.0
88,13.0
89,15.0
90,17.0
91,15.0
92,14.0
93,16.0
94,18.0
95,14.0
96,18.0
97,17.0
98,18.0
99,14.0
100,16.0
101,18.0
102,18.0
103,18.0
104,16.0
105,18.0
106,16.0
107,16.0
108,17.0
109,17.0
110,18.0
111,16.0
112,15.0
113,13.0
114,15.0
115,17.0
116,16.0
117,16.0
118,16.0
119,19.0
120,16.0
121,18.0
122,16.0
123,12.0
124,16.0
125,18.0
126,16.0
127,20.0
128,18.0
129,15.0
130,13.0
131,20.0
132,18.0
133,14.0
134,15.0
135,15.0
136,17.0
137,18.0
138,17.0
139,16.0
140,13.0
141,18.0
142,17.0
143,15.0
144,19.0
145,15.0
146,16.0
147,18.0
148,16.0
149,18.0
150,18.0
151,20.0
152,16.0
153,20.0
154,14.0
155,19.0
156,18.0
157,20.0
158,17.0
159,21.0
160,18.0
161,20.0
162,22.0
163,15.0
164,20.0
165,17.0
166,16.0
167,17.0
168,18.0
169,21.0
170,17.0
171,24.0
172,17.0
173,21.0
174,23.0
175,21.0
176,19.0
177,18.0
178,22.0
179,23.0
180,19.0
181,29.0
182,17.0
183,18.0
184,19.0
185,25.0
186,23.0
187,28.0
188,30.0
189,21.0
190,30.0
191,21.0
192,23.0
193,19.0
194,22.0
195,27.0
196,23.0
197,25.0
198,23.0
199,30.0
200,43.0
201,21.0
202,22.0
203,29.0
204,32.0
205,38.0
206,30.0
207,22.0
208,21.0
209,23.0
210,28.0
211,19.0
212,47.0
213,33.0
214,23.0
215,54.0
216,35.0
217,35.0
218,41.0
219,30.0
220,35.0
221,63.0
222,30.0
223,25.0
224,40.0
225,20.0
226,28.0
227,23.0
228,28.0
229,33.0
230,21.0
231,24.0
232,30.0
233,25.0
234,23.0
235,24.0
236,22.0
237,38.0
238,29.0
239,25.0
240,38.0
241,46.0
242,25.0
243,37.0
244,40.0
245,26.0
246,26.0
247,31.0
248,23.0
249,29.0
250,64.0
251,25.0
252,28.0
253,17.0
254,27.0
255,24.0
256,35.0
257,13.0
258,16.0
259,30.0
260,24.0
261,49.0
262,26.0
263,36.0
264,44.0
265,19.0
266,28.0
267,22.0
268,21.0
269,21.0
270,27.0
271,20.0
272,46.0
273,36.0
274,25.0
275,24.0
276,30.0
277,28.0
278,20.0
279,40.0
280,36.0
281,19.0
282,18.0
283,35.0
284,37.0
285,28.0
286,57.0
287,18.0
288,31.0
289,35.0
290,30.0
291,26.0
292,26.0
293,17.0
294,25.0
295,31.0
296,26.0
297,29.0
298,43.0
299,33.0
300,32.0
301,23.0
302,37.0
303,24.0
304,32.0
305,27.0
306,30.0
307,22.0
308,29.0
309,36.0
310,32.0
311,25.0
312,21.0
313,20.0
314,44.0
315,23.0
316,46.0
317,23.0
318,37.0
319,26.0
320,26.0
321,27.0
322,27.0
323,30.0
324,29.0
325,26.0
326,23.0
327,39.0
328,33.0
329,35.0
330,29.0
331,36.0
332,31.0
333,31.0
334,18.0
335,25.0
336,44.0
337,44.0
338,29.0
339,22.0
340,31.0
341,54.0
342,46.0
343,39.0
344,30.0
345,30.0
346,45.0
347,37.0
348,25.0
349,19.0
350,37.0
351,25.0
352,34.0
353,27.0
354,23.0
355,29.0
356,21.0
357,23.0
358,19.0
359,29.0
360,34.0
361,29.0
362,24.0
363,27.0
364,24.0
365,32.0
366,26.0
367,28.0
368,28.0
369,23.0
370,22.0
371,26.0
372,39.0
373,30.0
374,35.0
375,32.0
376,24.0
377,27.0
378,19.0
379,33.0
380,47.0
381,21.0
382,32.0
383,29.0
384,18.0
385,31.0
386,51.0
387,23.0
388,42.0
389,59.0
390,35.0
391,43.0
392,20.0
393,58.0
394,45.0
395,24.0
396,20.0
397,31.0
398,20.0
399,58.0
400,36.0
401,35.0
402,25.0
403,44.0
404,22.0
405,45.0
406,24.0
407,35.0
408,19.0
409,29.0
410,21.0
411,23.0
412,39.0
413,27.0
414,69.0
415,28.0
416,41.0
417,42.0
418,26.0
419,28.0
420,28.0
421,43.0
422,36.0
423,31.0
424,26.0
425,36.0
426,22.0
427,46.0
428,25.0
429,28.0
430,60.0
431,41.0
432,41.0
433,26.0
434,38.0
435,27.0
436,27.0
437,33.0
438,34.0
439,30.0
440,38.0
441,41.0
442,40.0
443,37.0
444,32.0
445,35.0
446,36.0
447,21.0
448,26.0
449,26.0
450,36.0
451,30.0
452,30.0
453,40.0
454,41.0
455,34.0
456,44.0
457,38.0
458,43.0
459,41.0
460,46.0
461,24.0
462,24.0
463,19.0
464,34.0
465,45.0
466,31.0
467,37.0
468,31.0
469,21.0
470,38.0
471,31.0
472,43.0
473,35.0
474,25.0
475,39.0
476,31.0
477,24.0
478,44.0
479,27.0
480,46.0
481,42.0
482,36.0
483,30.0
484,36.0
485,21.0
486,26.0
487,23.0
488,32.0
489,24.0
490,44.0
491,38.0
492,44.0
493,41.0
494,35.0
495,34.0
496,41.0
497,29.0
498,39.0
499,41.0
500,45.0
501,41.0
502,41.0
503,40.0
504,23.0
505,39.0
506,45.0
507,23.0
508,28.0
509,31.0
510,23.0
511,62.0
512,55.0
513,25.0
514,22.0
515,45.0
516,37.0
517,50.0
518,27.0
519,41.0
520,31.0
521,34.0
522,47.0
523,28.0
524,28.0
525,23.0
526,31.0
527,29.0
528,35.0
529,43.0
530,46.0
531,41.0
532,28.0
533,41.0
534,39.0
535,63.0
536,26.0
537,45.0
538,39.0
539,44.0
540,38.0
541,35.0
542,43.0
543,33.0
544,23.0
545,44.0
546,34.0
547,40.0
548,37.0
549,37.0
550,37.0
551,38.0
552,54.0
553,34.0
554,28.0
555,37.0
556,40.0
557,18.0
558,39.0
559,45.0
560,42.0
561,34.0
562,30.0
563,43.0
564,22.0
565,40.0
566,21.0
567,25.0
568,28.0
569,24.0
570,34.0
571,34.0
572,42.0
573,28.0
574,30.0
575,23.0
576,41.0
577,27.0
578,24.0
579,23.0
580,30.0
581,42.0
582,20.0
583,22.0
584,59.0
585,25.0
586,26.0
587,27.0
588,21.0
589,34.0
590,22.0
591,26.0
592,31.0
593,27.0
594,38.0
595,42.0
596,28.0
597,36.0
598,33.0
599,23.0
600,34.0
601,25.0
602,19.0
603,23.0
604,28.0
605,29.0
606,38.0
607,37.0
608,44.0
609,33.0
610,25.0
611,27.0
612,42.0
613,23.0
614,25.0
615,27.0
616,28.0
617,24.0
618,35.0
619,45.0
620,36.0
621,23.0
622,39.0
623,40.0
624,48.0
625,41.0
626,43.0
627,44.0
628,32.0
629,39.0
630,30.0
631,33.0
632,15.0
633,21.0
634,38.0
635,45.0
636,23.0
637,29.0
638,26.0
639,41.0
640,41.0
641,23.0
642,29.0
643,24.0
644,26.0
645,37.0
646,28.0
647,25.0
648,40.0
649,33.0
650,29.0
651,30.0
652,20.0
653,30.0
654,38.0
655,29.0
656,23.0
657,38.0
658,29.0
659,43.0
660,32.0
661,30.0
662,24.0
663,21.0
664,43.0
665,35.0
666,24.0
667,49.0
668,29.0
669,39.0
670,24.0
671,49.0
672,23.0
673,29.0
674,27.0
675,42.0
676,50.0
677,31.0
678,38.0
679,25.0
680,24.0
681,29.0
682,35.0
683,29.0
684,36.0
685,33.0
686,20.0
687,20.0
688,39.0
689,48.0
690,28.0
691,31.0
692,28.0
693,26.0
694,24.0
695,24.0
696,20.0
697,24.0
698,25.0
699,35.0
700,23.0
701,26.0
702,27.0
703,27.0
704,32.0
705,20.0
706,22.0
707,29.0
708,36.0
709,40.0
710,38.0
711,36.0
712,27.0
713,57.0
714,24.0
715,34.0
716,19.0
717,23.0
718,54.0
719,20.0
720,23.0
721,39.0
722,40.0
723,57.0
724,37.0
725,29.0
726,36.0
727,44.0
728,22.0
729,54.0
730,25.0
731,34.0
732,21.0
733,47.0
734,28.0
735,28.0
736,31.0
737,32.0
738,37.0
739,40.0
740,71.0
741,42.0
742,27.0
743,51.0
744,43.0
745,67.0
746,33.0
747,29.0
748,42.0
749,52.0
750,45.0
751,27.0
752,47.0
753,19.0
754,28.0
755,21.0
756,32.0
757,23.0
758,22.0
759,38.0
760,23.0
761,49.0
762,20.0
763,34.0
764,33.0
765,26.0
766,26.0
767,35.0
768,30.0
769,50.0
770,37.0
771,42.0
772,26.0
773,32.0
774,20.0
775,39.0
776,24.0
777,48.0
778,25.0
779,26.0
780,29.0
781,26.0
782,24.0
783,39.0
784,27.0
785,54.0
786,36.0
787,27.0
788,24.0
789,24.0
790,31.0
791,23.0
792,28.0
793,47.0
794,29.0
795,23.0
796,23.0
797,34.0
798,24.0
799,36.0
800,42.0
801,31.0
802,33.0
803,22.0
804,26.0
805,31.0
806,24.0
807,29.0
808,50.0
809,28.0
810,25.0
811,22.0
812,21.0
813,38.0
814,50.0
815,23.0
816,29.0
817,41.0
818,33.0
819,41.0
820,29.0
821,36.0
822,34.0
823,24.0
824,27.0
825,34.0
826,21.0
827,59.0
828,38.0
829,49.0
830,27.0
831,38.0
832,26.0
833,43.0
834,32.0
835,34.0
836,38.0
837,48.0
838,24.0
839,29.0
840,38.0
841,37.0
842,36.0
843,36.0
844,22.0
845,67.0
846,33.0
847,37.0
848,22.0
849,22.0
850,44.0
851,30.0
852,24.0
853,36.0
854,42.0
855,27.0
856,36.0
857,47.0
858,35.0
859,63.0
860,38.0
861,47.0
862,30.0
863,36.0
864,29.0
865,23.0
866,54.0
867,29.0
868,42.0
869,28.0
870,43.0
871,37.0
872,32.0
873,35.0
874,27.0
875,37.0
876,22.0
877,37.0
878,24.0
879,28.0
880,35.0
881,34.0
882,43.0
883,36.0
884,44.0
885,30.0
886,39.0
887,23.0
888,45.0
889,29.0
890,71.0
891,33.0
892,30.0
893,23.0
894,38.0
895,32.0
896,28.0
897,32.0
898,21.0
899,50.0
900,63.0
901,26.0
902,46.0
903,54.0
904,20.0
905,33.0
906,41.0
907,22.0
908,43.0
909,35.0
910,23.0
911,30.0
912,39.0
913,26.0
914,23.0
915,22.0
916,25.0
917,28.0
918,47.0
919,29.0
920,20.0
921,22.0
922,22.0
923,43.0
924,35.0
925,26.0
926,21.0
927,22.0
928,27.0
929,34.0
930,41.0
931,40.0
932,36.0
933,27.0
934,34.0
935,24.0
936,55.0
937,25.0
938,47.0
939,44.0
940,39.0
941,48.0
942,26.0
943,43.0
944,49.0
945,30.0
946,33.0
947,38.0
948,25.0
949,28.0
950,49.0
951,35.0
952,49.0
953,41.0
954,29.0
955,37.0
956,39.0
957,47.0
958,21.0
959,27.0
960,23.0
961,42.0
962,24.0
963,40.0
964,24.0
965,23.0
966,28.0
967,23.0
968,41.0
969,34.0
970,34.0
971,36.0
972,26.0
973,24.0
974,41.0
975,24.0
976,31.0
977,41.0
978,36.0
979,37.0
980,24.0
981,20.0
982,27.0
983,23.0
984,36.0
985,31.0
986,26.0
987,49.0
988,38.0
989,39.0
990,38.0
991,35.0
992,35.0
993,16.0
994,38.0
995,37.0
996,27.0
997,42.0
998,38.0
999,42.0
1000,58.0
1001,47.0
1002,19.0
1003,36.0
1004,26.0
1005,31.0
1006,26.0
1007,39.0
1008,46.0
1009,32.0
1010,40.0
1011,51.0
1012,21.0
1013,48.0
1014,44.0
1015,30.0
1016,26.0
1017,38.0
1018,27.0
1019,25.0
1020,36.0
1021,34.0
1022,46.0
1023,30.0
1024,29.0
1025,24.0
1026,25.0
1027,25.0
1028,25.0
1029,22.0
1030,22.0
1031,19.0
1032,25.0
1033,39.0
1034,39.0
1035,24.0
1036,45.0
1037,37.0
1038,22.0
1039,35.0
1040,64.0
1041,36.0
1042,32.0
1043,38.0
1044,23.0
1045,31.0
1046,34.0
1047,30.0
1048,25.0
1049,22.0
1050,15.0
1051,26.0
1052,24.0
1053,41.0
1054,33.0
1055,24.0
1056,21.0
1057,24.0
1058,26.0
1059,43.0
1060,38.0
1061,44.0
1062,33.0
1063,34.0
1064,52.0
1065,41.0
1066,38.0
1067,40.0
1068,38.0
1069,23.0
1070,38.0
1071,28.0
1072,20.0
1073,51.0
1074,44.0
1075,29.0
1076,23.0
1077,21.0
1078,34.0
1079,19.0
1080,22.0
1081,24.0
1082,28.0
1083,42.0
1084,38.0
1085,41.0
1086,38.0
1087,22.0
1088,29.0
1089,42.0
1090,27.0
1091,43.0
1092,45.0
1093,33.0
1094,25.0
1095,28.0
1096,39.0
1097,41.0
1098,28.0
1099,23.0
1100,21.0
1101,52.0
1102,29.0
1103,58.0
1104,33.0
1105,44.0
1106,26.0
1107,24.0
1108,45.0
1109,61.0
1110,20.0
1111,43.0
1112,27.0
1113,59.0
1114,41.0
1115,27.0
1116,38.0
1117,28.0
1118,35.0
1119,22.0
1120,42.0
1121,24.0
1122,34.0
1123,26.0
1124,36.0
1125,35.0
1126,21.0
1127,21.0
1128,45.0
1129,24.0
1130,25.0
1131,50.0
1132,41.0
1133,22.0
1134,47.0
1135,22.0
1136,36.0
1137,22.0
1138,35.0
1139,53.0
1140,22.0
1141,38.0
1142,35.0
1143,58.0
1144,41.0
1145,58.0
1146,32.0
1147,27.0
1148,53.0
1149,21.0
1150,36.0
1151,36.0
1152,47.0
1153,45.0
1154,32.0
1155,23.0
1156,34.0
1157,27.0
1158,25.0
1159,34.0
1160,28.0
1161,38.0
1162,36.0
1163,23.0
1164,59.0
1165,28.0
1166,35.0
1167,31.0
1168,34.0
1169,50.0
1170,23.0
1171,46.0
1172,24.0
1173,22.0
1174,25.0
1175,35.0
1176,24.0
1177,26.0
1178,25.0
1179,24.0
1180,44.0
1181,21.0
1182,67.0
1183,40.0
1184,23.0
1185,51.0
1186,60.0
1187,24.0
1188,26.0
1189,35.0
1190,36.0
1191,24.0
1192,33.0
1193,34.0
1194,25.0
1195,28.0
1196,51.0
1197,32.0
1198,45.0
1199,35.0
1200,33.0
1201,25.0
1202,27.0
1203,23.0
1204,38.0
1205,21.0
1206,29.0
1207,27.0
1208,22.0
1209,43.0
1210,31.0
1211,20.0
1212,39.0
1213,24.0
1214,28.0
1215,33.0
1216,58.0
1217,37.0
1218,24.0
1219,28.0
1220,33.0
1221,48.0
1222,29.0
1223,23.0
1224,22.0
1225,23.0
1226,47.0
1227,22.0
1228,46.0
1229,41.0
1230,20.0
1231,22.0
1232,34.0
1233,37.0
1234,43.0
1235,22.0
1236,46.0
1237,24.0
1238,45.0
1239,29.0
1240,24.0
1241,29.0
1242,33.0
1243,56.0
1244,31.0
1245,36.0
1246,45.0
1247,22.0
1248,54.0
1249,46.0
1250,32.0
1251,41.0
1252,24.0
1253,38.0
1254,30.0
1255,41.0
1256,24.0
1257,53.0
1258,30.0
1259,34.0
1260,46.0
1261,55.0
1262,41.0
1263,41.0
1264,49.0
1265,34.0
1266,52.0
1267,37.0
1268,26.0
1269,27.0
1270,41.0
1271,27.0
1272,21.0
1273,21.0
1274,24.0
1275,27.0
1276,30.0
1277,30.0
1278,25.0
1279,26.0
1280,40.0
1281,40.0
1282,39.0
1283,33.0
1284,21.0
1285,31.0
1286,23.0
1287,26.0
1288,51.0
1289,31.0
1290,37.0
1291,47.0
1292,23.0
1293,25.0
1294,37.0
1295,37.0
1296,50.0
1297,30.0
1298,26.0
1299,34.0
1300,21.0
1301,58.0
1302,26.0
1303,36.0
1304,44.0
1305,42.0
1306,41.0
1307,20.0
1308,31.0
1309,28.0
1310,26.0
1311,34.0
1312,25.0
1313,40.0
1314,26.0
1315,30.0
1316,27.0
1317,21.0
1318,41.0
1319,66.0
1320,28.0
1321,40.0
1322,28.0
1323,39.0
1324,40.0
1325,26.0
1326,25.0
1327,30.0
1328,41.0
1329,31.0
1330,25.0
1331,21.0
1332,31.0
1333,22.0
1334,22.0
1335,35.0
1336,23.0
1337,24.0
1338,22.0
1339,41.0
1340,33.0
1341,24.0
1342,54.0
1343,32.0
1344,39.0
1345,33.0
1346,23.0
1347,43.0
1348,26.0
1349,39.0
1350,40.0
1351,26.0
1352,44.0
1353,41.0
1354,41.0
1355,27.0
1356,27.0
1357,26.0
1358,26.0
1359,20.0
1360,23.0
1361,48.0
1362,22.0
1363,25.0
1364,25.0
1365,57.0
1366,40.0
1367,25.0
1368,34.0
1369,33.0
1370,37.0
1371,55.0
1372,46.0
1373,39.0
1374,25.0
1375,32.0
1376,23.0
1377,27.0
1378,31.0
1379,44.0
1380,26.0
1381,36.0
1382,28.0
1383,30.0
1384,40.0
1385,33.0
1386,42.0
1387,31.0
1388,25.0
1389,22.0
1390,38.0
1391,49.0
1392,25.0
1393,37.0
1394,43.0
1395,22.0
1396,22.0
1397,36.0
1398,20.0
1399,26.0
1400,29.0
1401,40.0
1402,40.0
1403,31.0
1404,20.0
1405,40.0
1406,29.0
1407,34.0
1408,28.0
1409,23.0
1410,29.0
1411,45.0
1412,44.0
1413,29.0
1414,31.0
1415,34.0
1416,64.0
1417,42.0
1418,25.0
1419,45.0
1420,34.0
1421,38.0
1422,24.0
1423,35.0
1424,39.0
1425,38.0
1426,42.0
1427,35.0
1428,39.0
1429,40.0
1430,26.0
1431,39.0
1432,26.0
1433,41.0
1434,27.0
1435,28.0
1436,26.0
1437,25.0
1438,23.0
1439,38.0
1440,49.0
1441,33.0
1442,27.0
1443,44.0
1444,43.0
1445,22.0
1446,34.0
1447,31.0
1448,40.0
1449,34.0
1450,36.0
1451,30.0
1452,21.0
1453,26.0
1454,24.0
1455,40.0
1456,44.0
1457,31.0
1458,36.0
1459,29.0
1460,22.0
1461,27.0
1462,32.0
1463,32.0
1464,24.0
1465,26.0
1466,34.0
1467,49.0
1468,24.0
1469,42.0
1470,34.0
1471,46.0
1472,35.0
1473,60.0
1474,39.0
1475,33.0
1476,27.0
1477,21.0
1478,34.0
1479,30.0
1480,22.0
1481,43.0
1482,29.0
1483,44.0
1484,24.0
1485,26.0
1486,36.0
1487,42.0
1488,44.0
1489,23.0
1490,44.0
1491,27.0
1492,48.0
1493,21.0
1494,24.0
1495,27.0
1496,21.0
1497,47.0
1498,21.0
1499,27.0
1500,24.0
1501,22.0
1502,24.0
1503,38.0
1504,47.0
1505,34.0
1506,60.0
1507,22.0
1508,37.0
1509,19.0
1510,43.0
1511,44.0
1512,22.0
1513,47.0
1514,33.0
1515,24.0
1516,25.0
1517,33.0
1518,47.0
1519,33.0
1520,38.0
1521,48.0
1522,28.0
1523,42.0
1524,49.0
1525,36.0
1526,32.0
1527,30.0
1528,22.0
1529,30.0
1530,39.0
1531,25.0
1532,55.0
1533,45.0
1534,41.0
1535,24.0
1536,44.0
1537,44.0
1538,48.0
1539,30.0
1540,22.0
1541,26.0
1542,23.0
1543,45.0
1544,25.0
1545,39.0
1546,38.0
1547,46.0
1548,44.0
1549,25.0
1550,42.0
1551,23.0
1552,26.0
1553,23.0
1554,36.0
1555,41.0
1556,44.0
1557,23.0
1558,45.0
1559,49.0
1560,31.0
1561,35.0
1562,25.0
1563,30.0
1564,21.0
1565,21.0
1566,39.0
1567,25.0
1568,26.0
1569,52.0
1570,28.0
1571,26.0
1572,35.0
1573,35.0
1574,34.0
1575,21.0
1576,32.0
1577,28.0
1578,43.0
1579,30.0
1580,22.0
1581,30.0
1582,27.0
1583,23.0
1584,37.0
1585,22.0
1586,35.0
1587,25.0
1588,33.0
1589,41.0
1590,37.0
1591,24.0
1592,33.0
1593,32.0
1594,46.0
1595,40.0
1596,22.0
1597,39.0
1598,34.0
1599,15.0
1600,48.0
1601,39.0
1602,28.0
1603,33.0
1604,46.0
1605,28.0
1606,26.0
1607,24.0
1608,44.0
1609,32.0
1610,42.0
1611,37.0
1612,25.0
1613,26.0
1614,40.0
1615,41.0
1616,49.0
1617,43.0
1618,28.0
1619,47.0
1620,24.0
1621,21.0
1622,32.0
1623,26.0
1624,43.0
1625,29.0
1626,27.0
1627,21.0
1628,34.0
1629,37.0
1630,43.0
1631,22.0
1632,41.0
1633,39.0
1634,38.0
1635,40.0
1636,26.0
1637,38.0
1638,27.0
1639,37.0
1640,58.0
1641,31.0
1642,24.0
1643,32.0
1644,25.0
1645,52.0
1646,43.0
1647,24.0
1648,35.0
1649,20.0
1650,30.0
1651,43.0
1652,26.0
1653,35.0
1654,33.0
1655,25.0
1656,38.0
1657,28.0
1658,45.0
1659,23.0
1660,22.0
1661,40.0
1662,28.0
1663,24.0
1664,21.0
1665,30.0
1666,25.0
1667,32.0
1668,42.0
1669,28.0
1670,42.0
1671,46.0
1672,41.0
1673,24.0
1674,50.0
1675,32.0
1676,26.0
1677,26.0
1678,35.0
1679,37.0
1680,32.0
1681,35.0
1682,27.0
1683,33.0
1684,26.0
1685,51.0
1686,23.0
1687,44.0
1688,42.0
1689,45.0
1690,38.0
1691,38.0
1692,42.0
1693,36.0
1694,30.0
1695,21.0
1696,21.0
1697,20.0
1698,24.0
1699,24.0
1700,31.0
1701,42.0
1702,29.0
1703,47.0
1704,27.0
1705,38.0
1706,19.0
1707,51.0
1708,37.0
1709,22.0
1710,44.0
1711,44.0
1712,35.0
1713,24.0
1714,22.0
1715,40.0
1716,41.0
1717,31.0
1718,31.0
1719,24.0
1720,35.0
1721,28.0
1722,33.0
1723,45.0
1724,32.0
1725,31.0
1726,38.0
1727,54.0
1728,22.0
1729,29.0
1730,29.0
1731,44.0
1732,30.0
1733,31.0
1734,30.0
1735,28.0
1736,27.0
1737,47.0
1738,36.0
1739,40.0
1740,32.0
1741,34.0
1742,22.0
1743,29.0
1744,29.0
1745,28.0
1746,20.0
1747,26.0
1748,23.0
1749,29.0
1750,28.0
1751,41.0
1752,44.0
1753,45.0
1754,35.0
1755,25.0
1756,44.0
1757,41.0
1758,49.0
1759,19.0
1760,39.0
1761,23.0
1762,47.0
1763,24.0
1764,41.0
1765,28.0
1766,29.0
1767,22.0
1768,28.0
1769,48.0
1770,28.0
1771,33.0
1772,30.0
1773,33.0
1774,39.0
1775,24.0
1776,20.0
1777,43.0
1778,17.0
1779,19.0
1780,27.0
1781,27.0
1782,29.0
1783,43.0
1784,23.0
1785,29.0
1786,19.0
1787,33.0
1788,34.0
1789,31.0
1790,21.0
1791,38.0
1792,34.0
1793,23.0
1794,28.0
1795,38.0
1796,33.0
1797,41.0
1798,45.0
1799,31.0
1800,28.0
1801,45.0
1802,26.0
1803,28.0
1804,36.0
1805,27.0
1806,32.0
1807,25.0
1808,26.0
1809,35.0
1810,23.0
1811,36.0
1812,35.0
1813,32.0
1814,33.0
1815,29.0
1816,34.0
1817,39.0
1818,42.0
1819,31.0
1820,30.0
1821,26.0
1822,43.0
1823,31.0
1824,23.0
1825,29.0
1826,28.0
1827,36.0
1828,26.0
1829,24.0
1830,39.0
1831,24.0
1832,23.0
1833,25.0
1834,22.0
1835,41.0
1836,22.0
1837,37.0
1838,24.0
1839,40.0
1840,40.0
1841,40.0
1842,26.0
1843,29.0
1844,42.0
1845,40.0
1846,40.0
1847,25.0
1848,39.0
1849,25.0
1850,39.0
1851,44.0
1852,28.0
1853,26.0
1854,28.0
1855,49.0
1856,49.0
1857,51.0
1858,24.0
1859,46.0
1860,27.0
1861,33.0
1862,42.0
1863,27.0
1864,49.0
1865,59.0
0,40.0
1,13.0
2,14.0
3,15.0
4,20.0
5,9.0
6,36.0
7,13.0
8,12.0
9,20.0
10,20.0
11,25.0
12,13.0
13,26.0
14,12.0
15,19.0
16,10.0
17,14.0
18,21.0
19,14.0
20,16.0
21,13.0
22,9.0
23,12.0
24,9.0
25,13.0
26,11.0
27,17.0
28,13.0
29,11.0
30,13.0
31,15.0
32,14.0
33,16.0
34,10.0
35,11.0
36,10.0
37,11.0
38,16.0
39,11.0
40,16.0
41,8.0
42,12.0
43,10.0
44,11.0
45,11.0
46,17.0
47,11.0
48,9.0
49,15.0
50,11.0
51,16.0
52,9.0
53,18.0
54,9.0
55,11.0
56,10.0
57,9.0
58,14.0
59,9.0
60,10.0
61,12.0
62,10.0
63,11.0
64,10.0
65,10.0
66,9.0
67,11.0
68,10.0
69,12.0
70,9.0
71,11.0
72,10.0
73,9.0
74,10.0
75,11.0
76,9.0
77,9.0
78,9.0
79,10.0
80,9.0
81,10.0
82,9.0
83,10.0
84,8.0
85,10.0
86,10.0
87,10.0
88,11.0
89,9.0
90,9.0
91,9.0
92,10.0
93,11.0
94,9.0
95,10.0
96,9.0
97,9.0
98,10.0
99,9.0
100,9.0
101,9.0
102,10.0
103,9.0
104,10.0
105,11.0
106,10.0
107,10.0
108,10.0
109,8.0
110,10.0
111,10.0
112,11.0
113,10.0
114,9.0
115,10.0
116,9.0
117,11.0
118,9.0
119,9.0
120,10.0
121,10.0
122,9.0
123,8.0
124,10.0
125,8.0
126,9.0
127,10.0
128,10.0
129,10.0
130,10.0
131,9.0
132,10.0
133,9.0
134,10.0
135,8.0
136,10.0
137,10.0
138,11.0
139,10.0
140,10.0
141,10.0
142,8.0
143,9.0
144,8.0
145,9.0
146,10.0
147,9.0
148,12.0
149,9.0
150,9.0
151,9.0
152,10.0
153,9.0
154,10.0
155,10.0
156,8.0
157,8.0
158,10.0
159,10.0
160,8.0
161,12.0
162,8.0
163,10.0
164,10.0
165,9.0
166,11.0
167,9.0
168,9.0
169,10.0
170,10.0
171,12.0
172,12.0
173,10.0
174,9.0
175,10.0
176,10.0
177,11.0
178,8.0
179,10.0
180,10.0
181,8.0
182,10.0
183,10.0
184,9.0
185,12.0
186,10.0
187,9.0
188,11.0
189,10.0
190,10.0
191,10.0
192,9.0
193,10.0
194,10.0
195,9.0
196,10.0
197,9.0
198,9.0
199,10.0
200,9.0
201,9.0
202,8.0
203,10.0
204,10.0
205,10.0
206,10.0
207,10.0
208,9.0
209,8.0
210,11.0
211,10.0
212,10.0
213,10.0
214,11.0
215,9.0
216,9.0
217,9.0
218,12.0
219,8.0
220,10.0
221,8.0
222,10.0
223,10.0
224,11.0
225,8.0
226,10.0
227,11.0
228,11.0
229,10.0
230,8.0
231,10.0
232,9.0
233,11.0
234,10.0
235,9.0
236,9.0
237,10.0
238,9.0
239,9.0
240,11.0
241,9.0
242,8.0
243,11.0
244,9.0
245,10.0
246,9.0
247,9.0
248,9.0
249,9.0
250,11.0
251,11.0
252,9.0
253,11.0
254,10.0
255,10.0
256,11.0
257,10.0
258,9.0
259,9.0
260,10.0
